0,00000 	-0,00661 	2,56766 
0,05000 	-0,01317 	2,47385 
0,10000 	-0,02016 	2,36910 
0,15000 	-0,02515 	2,25217 
0,20000 	-0,03008 	2,12024 
0,25000 	-0,03457 	1,97182 
0,30000 	-0,04001 	1,80839 
0,35000 	-0,04599 	1,63117 
0,40000 	-0,05260 	1,44238 
0,45000 	-0,06009 	1,24489 
0,50000 	-0,06857 	1,04149 
0,55000 	-0,07794 	0,83410 
0,60000 	-0,08861 	0,62572 
0,65000 	-0,09949 	0,41871 
0,70000 	-0,11167 	0,21626 
0,75000 	-0,12457 	0,02007 
0,80000 	-0,13828 	-0,16635 
0,85000 	-0,15409 	-0,33962 
0,90000 	-0,17317 	-0,49182 
0,95000 	-0,19463 	-0,61371 
1,00000 	-0,21618 	-0,70186 
1,05000 	-0,23452 	-0,76117 
1,10000 	-0,24994 	-0,80067 
1,15000 	-0,26216 	-0,82888 
1,20000 	-0,27430 	-0,85114 
1,25000 	-0,28532 	-0,87055 
1,30000 	-0,29617 	-0,88736 
1,35000 	-0,30636 	-0,90277 
1,40000 	-0,31712 	-0,91719 
1,45000 	-0,32738 	-0,93077 
1,50000 	-0,33810 	-0,94369 
1,55000 	-0,34838 	-0,95585 
1,60000 	-0,35908 	-0,96711 
1,65000 	-0,36915 	-0,97801 
1,70000 	-0,37988 	-0,98788 
1,75000 	-0,39015 	-0,99777 
1,80000 	-0,40055 	-1,00708 
1,85000 	-0,41105 	-1,01574 
1,90000 	-0,42128 	-1,02420 
1,95000 	-0,43100 	-1,03215 
2,00000 	-0,44163 	-1,03982 
2,05000 	-0,45163 	-1,04739 
2,10000 	-0,46223 	-1,05459 
2,15000 	-0,47225 	-1,06119 
2,20000 	-0,48297 	-1,06824 
2,25000 	-0,49294 	-1,07469 
2,30000 	-0,50327 	-1,08104 
2,35000 	-0,50364 	-1,08327 
2,40000 	-0,49386 	-1,07993 
2,45000 	-0,48339 	-1,07658 
2,50000 	-0,47316 	-1,07305 
2,55000 	-0,46292 	-1,06960 
2,60000 	-0,45313 	-1,06623 
2,65000 	-0,44269 	-1,06264 
2,70000 	-0,43277 	-1,05894 
2,75000 	-0,42291 	-1,05531 
2,80000 	-0,41250 	-1,05136 
2,85000 	-0,40221 	-1,04723 
2,90000 	-0,39216 	-1,04312 
2,95000 	-0,38212 	-1,03914 
3,00000 	-0,37194 	-1,03478 
3,05000 	-0,36178 	-1,03038 
3,10000 	-0,35170 	-1,02561 
3,15000 	-0,34129 	-1,02074 
3,20000 	-0,33155 	-1,01556 
3,25000 	-0,32128 	-1,01039 
3,30000 	-0,31121 	-1,00467 
3,35000 	-0,30108 	-0,99904 
3,40000 	-0,29114 	-0,99312 
3,45000 	-0,28066 	-0,98661 
3,50000 	-0,27066 	-0,97996 
3,55000 	-0,26051 	-0,97299 
3,60000 	-0,25077 	-0,96563 
3,65000 	-0,24102 	-0,95786 
3,70000 	-0,23085 	-0,94945 
3,75000 	-0,22076 	-0,94051 
3,80000 	-0,21094 	-0,93104 
3,85000 	-0,20058 	-0,92090 
3,90000 	-0,19089 	-0,91004 
3,95000 	-0,18126 	-0,89848 
4,00000 	-0,17126 	-0,88582 
4,05000 	-0,16131 	-0,87208 
4,10000 	-0,15177 	-0,85743 
4,15000 	-0,14198 	-0,84112 
4,20000 	-0,13218 	-0,82361 
4,25000 	-0,12261 	-0,80439 
4,30000 	-0,11320 	-0,78314 
4,35000 	-0,10399 	-0,76040 
4,40000 	-0,09413 	-0,73468 
4,45000 	-0,08528 	-0,70643 
4,50000 	-0,07584 	-0,67496 
4,55000 	-0,06713 	-0,64075 
4,60000 	-0,05842 	-0,60240 
4,65000 	-0,04946 	-0,55957 
4,70000 	-0,04082 	-0,51255 
4,75000 	-0,03254 	-0,46075 
4,80000 	-0,02431 	-0,40313 
4,85000 	-0,01619 	-0,33941 
4,90000 	-0,00810 	-0,26930 
4,95000 	-0,00077 	-0,19211 
5,00000 	0,00696 	-0,10638 
5,05000 	0,01337 	-0,01253 
5,10000 	0,01987 	0,09259 
5,15000 	0,02514 	0,21009 
5,20000 	0,03014 	0,34249 
5,25000 	0,03484 	0,49116 
5,30000 	0,03999 	0,65523 
5,35000 	0,04592 	0,83282 
5,40000 	0,05258 	1,02157 
5,45000 	0,06002 	1,21938 
5,50000 	0,06891 	1,42331 
5,55000 	0,07836 	1,63084 
5,60000 	0,08862 	1,83898 
5,65000 	0,09997 	2,04561 
5,70000 	0,11192 	2,24796 
5,75000 	0,12463 	2,44355 
5,80000 	0,13867 	2,62980 
5,85000 	0,15454 	2,80258 
5,90000 	0,17366 	2,95382 
5,95000 	0,19540 	3,07467 
6,00000 	0,21675 	3,16175 
6,05000 	0,23494 	3,22032 
6,10000 	0,25024 	3,25990 
6,15000 	0,26302 	3,28779 
6,20000 	0,27474 	3,31014 
6,25000 	0,28560 	3,32916 
6,30000 	0,29613 	3,34591 
6,35000 	0,30644 	3,36168 
6,40000 	0,31739 	3,37636 
6,45000 	0,32761 	3,38987 
6,50000 	0,33845 	3,40227 
6,55000 	0,34863 	3,41426 
6,60000 	0,35910 	3,42555 
6,65000 	0,36940 	3,43636 
6,70000 	0,37994 	3,44639 
6,75000 	0,39056 	3,45652 
6,80000 	0,40064 	3,46539 
6,85000 	0,41103 	3,47465 
6,90000 	0,42124 	3,48277 
6,95000 	0,43163 	3,49116 
7,00000 	0,44212 	3,49884 
7,05000 	0,45197 	3,50635 
7,10000 	0,46266 	3,51359 
7,15000 	0,47255 	3,52053 
7,20000 	0,48313 	3,52728 
7,25000 	0,49301 	3,53372 
7,30000 	0,50370 	3,53988 
7,35000 	0,50394 	3,54206 
7,40000 	0,49432 	3,53897 
7,45000 	0,48399 	3,53562 
7,50000 	0,47399 	3,53230 
7,55000 	0,46359 	3,52895 
7,60000 	0,45365 	3,52543 
7,65000 	0,44317 	3,52185 
7,70000 	0,43332 	3,51807 
7,75000 	0,42292 	3,51413 
7,80000 	0,41334 	3,51063 
7,85000 	0,40268 	3,50664 
7,90000 	0,39274 	3,50233 
7,95000 	0,38208 	3,49776 
8,00000 	0,37251 	3,49373 
8,05000 	0,36207 	3,48913 
8,10000 	0,35225 	3,48463 
8,15000 	0,34164 	3,47941 
8,20000 	0,33171 	3,47442 
8,25000 	0,32144 	3,46911 
8,30000 	0,31145 	3,46343 
8,35000 	0,30137 	3,45823 
8,40000 	0,29132 	3,45209 
8,45000 	0,28101 	3,44543 
8,50000 	0,27133 	3,43871 
8,55000 	0,26107 	3,43192 
8,60000 	0,25141 	3,42450 
8,65000 	0,24122 	3,41689 
8,70000 	0,23137 	3,40841 
8,75000 	0,22121 	3,39983 
8,80000 	0,21133 	3,39041 
8,85000 	0,20125 	3,38046 
8,90000 	0,19151 	3,36966 
8,95000 	0,18137 	3,35798 
9,00000 	0,17159 	3,34524 
9,05000 	0,16166 	3,33181 
9,10000 	0,15207 	3,31710 
9,15000 	0,14216 	3,30088 
9,20000 	0,13268 	3,28321 
9,25000 	0,12261 	3,26407 
9,30000 	0,11336 	3,24293 
9,35000 	0,10411 	3,22000 
9,40000 	0,09466 	3,19432 
9,45000 	0,08517 	3,16628 
9,50000 	0,07638 	3,13501 
9,55000 	0,06736 	3,10062 
9,60000 	0,05872 	3,06236 
9,65000 	0,04965 	3,01998 
9,70000 	0,04138 	2,97321 
9,75000 	0,03248 	2,92119 
9,80000 	0,02442 	2,86379 
9,85000 	0,01628 	2,80121 
9,90000 	0,00873 	2,73099 
9,95000 	0,00065 	2,65399 
10,00000 	-0,00649 	2,56871 
10,05000 	-0,01376 	2,47483 
10,10000 	-0,01956 	2,37038 
10,15000 	-0,02549 	2,25372 
10,20000 	-0,02976 	2,12186 
10,25000 	-0,03489 	1,97388 
10,30000 	-0,03968 	1,81027 
10,35000 	-0,04598 	1,63331 
10,40000 	-0,05223 	1,44491 
10,45000 	-0,06021 	1,24737 
10,50000 	-0,06833 	1,04357 
10,55000 	-0,07820 	0,83633 
10,60000 	-0,08818 	0,62822 
10,65000 	-0,09945 	0,42116 
10,70000 	-0,11146 	0,21819 
10,75000 	-0,12447 	0,02224 
10,80000 	-0,13802 	-0,16446 
10,85000 	-0,15411 	-0,33776 
10,90000 	-0,17266 	-0,49028 
10,95000 	-0,19459 	-0,61254 
11,00000 	-0,21553 	-0,70116 
11,05000 	-0,23442 	-0,76074 
11,10000 	-0,24938 	-0,80031 
11,15000 	-0,26249 	-0,82850 
11,20000 	-0,27413 	-0,85107 
11,25000 	-0,28518 	-0,86995 
11,30000 	-0,29564 	-0,88707 
11,35000 	-0,30670 	-0,90274 
11,40000 	-0,31704 	-0,91728 
11,45000 	-0,32760 	-0,93089 
11,50000 	-0,33796 	-0,94360 
11,55000 	-0,34864 	-0,95563 
11,60000 	-0,35853 	-0,96676 
11,65000 	-0,36930 	-0,97771 
11,70000 	-0,37941 	-0,98794 
11,75000 	-0,39024 	-0,99756 
11,80000 	-0,40017 	-1,00674 
11,85000 	-0,41073 	-1,01577 
11,90000 	-0,42061 	-1,02409 
11,95000 	-0,43141 	-1,03216 
12,00000 	-0,44130 	-1,03986 
12,05000 	-0,45180 	-1,04707 
12,10000 	-0,46189 	-1,05441 
12,15000 	-0,47240 	-1,06115 
12,20000 	-0,48242 	-1,06807 
12,25000 	-0,49307 	-1,07464 
12,30000 	-0,50281 	-1,08097 
12,35000 	-0,50373 	-1,08292 
12,40000 	-0,49345 	-1,07977 
12,45000 	-0,48362 	-1,07661 
12,50000 	-0,47343 	-1,07356 
12,55000 	-0,46337 	-1,06973 
12,60000 	-0,45323 	-1,06652 
12,65000 	-0,44330 	-1,06285 
12,70000 	-0,43265 	-1,05901 
12,75000 	-0,42273 	-1,05517 
12,80000 	-0,41253 	-1,05139 
12,85000 	-0,40254 	-1,04729 
12,90000 	-0,39194 	-1,04314 
12,95000 	-0,38229 	-1,03903 
13,00000 	-0,37182 	-1,03476 
13,05000 	-0,36197 	-1,03035 
13,10000 	-0,35151 	-1,02574 
13,15000 	-0,34184 	-1,02078 
13,20000 	-0,33121 	-1,01555 
13,25000 	-0,32131 	-1,01023 
13,30000 	-0,31134 	-1,00493 
13,35000 	-0,30127 	-0,99918 
13,40000 	-0,29101 	-0,99329 
13,45000 	-0,28098 	-0,98669 
13,50000 	-0,27079 	-0,98016 
13,55000 	-0,26112 	-0,97324 
13,60000 	-0,25059 	-0,96581 
13,65000 	-0,24119 	-0,95763 
13,70000 	-0,23092 	-0,94961 
13,75000 	-0,22122 	-0,94091 
13,80000 	-0,21093 	-0,93146 
13,85000 	-0,20130 	-0,92107 
13,90000 	-0,19099 	-0,91029 
13,95000 	-0,18137 	-0,89850 
14,00000 	-0,17120 	-0,88597 
14,05000 	-0,16157 	-0,87220 
14,10000 	-0,15176 	-0,85752 
14,15000 	-0,14212 	-0,84133 
14,20000 	-0,13221 	-0,82383 
14,25000 	-0,12211 	-0,80348 
14,30000 	-0,10638 	-0,77158 
14,35000 	-0,08951 	-0,72738 
14,40000 	-0,07250 	-0,67374 
14,45000 	-0,05641 	-0,60861 
14,50000 	-0,04011 	-0,53180 
14,55000 	-0,02508 	-0,44044 
14,60000 	-0,01020 	-0,33355 
14,65000 	0,00351 	-0,20806 
14,70000 	0,01614 	-0,06175 
14,75000 	0,02584 	0,11072 
14,80000 	0,03512 	0,31643 
14,85000 	0,04395 	0,55561 
14,90000 	0,05550 	0,82458 
14,95000 	0,06943 	1,11687 
15,00000 	0,08597 	1,42339 
15,05000 	0,10492 	1,73834 
15,10000 	0,12632 	2,05276 
15,15000 	0,15003 	2,36142 
15,20000 	0,17659 	2,65615 
15,25000 	0,20643 	2,92832 
15,30000 	0,24580 	3,16106 
15,35000 	0,29557 	3,31962 
15,40000 	0,33837 	3,39739 
15,45000 	0,36603 	3,43292 
15,50000 	0,38874 	3,45553 
15,55000 	0,40980 	3,47455 
15,60000 	0,43090 	3,49159 
15,65000 	0,45159 	3,50743 
15,70000 	0,47233 	3,52158 
15,75000 	0,49311 	3,53526 
15,80000 	0,50162 	3,54258 
15,85000 	0,48309 	3,53719 
15,90000 	0,46288 	3,53013 
15,95000 	0,44240 	3,52322 
16,00000 	0,42210 	3,51584 
16,05000 	0,40195 	3,50782 
16,10000 	0,38183 	3,49963 
16,15000 	0,36136 	3,49088 
16,20000 	0,34134 	3,48112 
16,25000 	0,32111 	3,47104 
16,30000 	0,30096 	3,45966 
16,35000 	0,28087 	3,44769 
16,40000 	0,26177 	3,43434 
16,45000 	0,24174 	3,41957 
16,50000 	0,22208 	3,40278 
16,55000 	0,20235 	3,38447 
16,60000 	0,18282 	3,36289 
16,65000 	0,16362 	3,33814 
16,70000 	0,14475 	3,30962 
16,75000 	0,12614 	3,27653 
16,80000 	0,10823 	3,23730 
16,85000 	0,09010 	3,19099 
16,90000 	0,07309 	3,13603 
16,95000 	0,05626 	3,07145 
17,00000 	0,04063 	2,99408 
17,05000 	0,02511 	2,90340 
17,10000 	0,01074 	2,79672 
17,15000 	-0,00346 	2,67171 
17,20000 	-0,01589 	2,52560 
17,25000 	-0,02632 	2,35338 
17,30000 	-0,03487 	2,14860 
17,35000 	-0,04401 	1,91018 
17,40000 	-0,05523 	1,64144 
17,45000 	-0,06940 	1,34978 
17,50000 	-0,08538 	1,04336 
17,55000 	-0,10468 	0,72863 
17,60000 	-0,12588 	0,41318 
17,65000 	-0,14974 	0,10479 
17,70000 	-0,17594 	-0,19075 
17,75000 	-0,20589 	-0,46345 
17,80000 	-0,24461 	-0,69793 
17,85000 	-0,29489 	-0,85803 
17,90000 	-0,33743 	-0,93680 
17,95000 	-0,36599 	-0,97277 
18,00000 	-0,38857 	-0,99571 
18,05000 	-0,40958 	-1,01441 
18,10000 	-0,43056 	-1,03162 
18,15000 	-0,45115 	-1,04694 
18,20000 	-0,47197 	-1,06162 
18,25000 	-0,49271 	-1,07491 
18,30000 	-0,50098 	-1,08235 
18,35000 	-0,48259 	-1,07649 
18,40000 	-0,46211 	-1,06987 
18,45000 	-0,44200 	-1,06282 
18,50000 	-0,42163 	-1,05535 
18,55000 	-0,40148 	-1,04746 
18,60000 	-0,38148 	-1,03935 
18,65000 	-0,36139 	-1,03064 
18,70000 	-0,34109 	-1,02125 
18,75000 	-0,32113 	-1,01092 
18,80000 	-0,30075 	-0,99973 
18,85000 	-0,28085 	-0,98765 
18,90000 	-0,26099 	-0,97447 
18,95000 	-0,24139 	-0,95925 
19,00000 	-0,22170 	-0,94272 
19,05000 	-0,20207 	-0,92389 
19,10000 	-0,18257 	-0,90221 
19,15000 	-0,16368 	-0,87798 
19,20000 	-0,14460 	-0,84928 
19,25000 	-0,12621 	-0,81586 
19,30000 	-0,10768 	-0,77687 
19,35000 	-0,08984 	-0,73042 
19,40000 	-0,07277 	-0,67546 
19,45000 	-0,05627 	-0,61069 
19,50000 	-0,04064 	-0,53359 
19,55000 	-0,02516 	-0,44224 
19,60000 	-0,01018 	-0,33523 
19,65000 	0,00331 	-0,20992 
19,70000 	0,01586 	-0,06355 
19,75000 	0,02626 	0,10919 
19,80000 	0,03474 	0,31428 
19,85000 	0,04426 	0,55376 
19,90000 	0,05557 	0,82264 
19,95000 	0,06928 	1,11426 
20,00000 	0,08594 	1,42131 
20,05000 	0,10493 	1,73580 
20,10000 	0,12620 	2,05058 
20,15000 	0,14997 	2,35908 
20,20000 	0,17639 	2,65413 
20,25000 	0,20631 	2,92646 
20,30000 	0,24520 	3,15953 
20,35000 	0,29555 	3,31885 
20,40000 	0,33793 	3,39648 
20,45000 	0,36593 	3,43216 
20,50000 	0,38846 	3,45500 
20,55000 	0,40987 	3,47422 
20,60000 	0,43100 	3,49117 
20,65000 	0,45159 	3,50678 
20,70000 	0,47228 	3,52115 
20,75000 	0,49309 	3,53476 
20,80000 	0,50133 	3,54186 
20,85000 	0,48298 	3,53635 
20,90000 	0,46290 	3,52978 
20,95000 	0,44265 	3,52266 
21,00000 	0,42235 	3,51526 
21,05000 	0,40223 	3,50762 
21,10000 	0,38160 	3,49903 
21,15000 	0,36150 	3,49022 
21,20000 	0,34154 	3,48080 
21,25000 	0,32181 	3,47091 
21,30000 	0,30100 	3,45949 
21,35000 	0,28140 	3,44722 
21,40000 	0,26130 	3,43373 
21,45000 	0,24175 	3,41906 
21,50000 	0,22190 	3,40271 
21,55000 	0,20260 	3,38438 
21,60000 	0,18295 	3,36261 
21,65000 	0,16371 	3,33798 
21,70000 	0,14490 	3,30957 
21,75000 	0,12641 	3,27631 
21,80000 	0,10810 	3,23722 
21,85000 	0,09038 	3,19091 
21,90000 	0,07307 	3,13619 
21,95000 	0,05665 	3,07136 
22,00000 	0,04043 	2,99412 
22,05000 	0,02510 	2,90347 
22,10000 	0,01067 	2,79718 
22,15000 	-0,00327 	2,67192 
22,20000 	-0,01563 	2,52614 
22,25000 	-0,02603 	2,35424 
22,30000 	-0,03464 	2,14975 
22,35000 	-0,04402 	1,91116 
22,40000 	-0,05526 	1,64277 
22,45000 	-0,06919 	1,35108 
22,50000 	-0,08567 	1,04438 
22,55000 	-0,10469 	0,72994 
22,60000 	-0,12611 	0,41468 
22,65000 	-0,14955 	0,10625 
22,70000 	-0,17593 	-0,18931 
22,75000 	-0,20557 	-0,46225 
22,80000 	-0,24424 	-0,69684 
22,85000 	-0,29458 	-0,85762 
22,90000 	-0,33738 	-0,93667 
22,95000 	-0,36550 	-0,97270 
23,00000 	-0,38845 	-0,99575 
23,05000 	-0,40922 	-1,01451 
23,10000 	-0,43053 	-1,03186 
23,15000 	-0,45127 	-1,04728 
23,20000 	-0,47210 	-1,06169 
23,25000 	-0,49236 	-1,07474 
23,30000 	-0,50104 	-1,08241 
23,35000 	-0,48244 	-1,07675 
23,40000 	-0,46246 	-1,07015 
23,45000 	-0,44199 	-1,06308 
23,50000 	-0,42186 	-1,05565 
23,55000 	-0,40142 	-1,04760 
23,60000 	-0,38144 	-1,03963 
23,65000 	-0,36115 	-1,03076 
23,70000 	-0,34139 	-1,02137 
23,75000 	-0,32088 	-1,01097 
23,80000 	-0,30123 	-1,00010 
23,85000 	-0,28095 	-0,98813 
23,90000 	-0,26155 	-0,97479 
23,95000 	-0,24136 	-0,95983 
24,00000 	-0,22217 	-0,94314 
24,05000 	-0,20227 	-0,92432 
24,10000 	-0,18302 	-0,90290 
24,15000 	-0,16364 	-0,87839 
24,20000 	-0,14471 	-0,84934 
24,25000 	-0,12610 	-0,81635 
24,30000 	-0,10797 	-0,77729 
24,35000 	-0,08995 	-0,73092 
24,40000 	-0,07321 	-0,67614 
24,45000 	-0,05641 	-0,61126 
24,50000 	-0,04057 	-0,53410 
24,55000 	-0,02480 	-0,44276 
24,60000 	-0,01033 	-0,33574 
24,65000 	0,00338 	-0,21099 
24,70000 	0,01579 	-0,06444 
24,75000 	0,02634 	0,10803 
24,80000 	0,03466 	0,31280 
24,85000 	0,04400 	0,55188 
24,90000 	0,05501 	0,82070 
24,95000 	0,06942 	1,11248 
25,00000 	0,08540 	1,41906 
25,05000 	0,10496 	1,73387 
25,10000 	0,12600 	2,04903 
25,15000 	0,15003 	2,35745 
25,20000 	0,17606 	2,65241 
25,25000 	0,20619 	2,92455 
25,30000 	0,24479 	3,15821 
25,35000 	0,29534 	3,31791 
25,40000 	0,33744 	3,39599 
25,45000 	0,36603 	3,43188 
25,50000 	0,38837 	3,45481 
25,55000 	0,40983 	3,47385 
25,60000 	0,43040 	3,49082 
25,65000 	0,45156 	3,50634 
25,70000 	0,47205 	3,52090 
25,75000 	0,49305 	3,53463 
25,80000 	0,50150 	3,54193 
25,85000 	0,48330 	3,53662 
25,90000 	0,46271 	3,52969 
25,95000 	0,44279 	3,52258 
26,00000 	0,42210 	3,51518 
26,05000 	0,40231 	3,50718 
26,10000 	0,38162 	3,49883 
26,15000 	0,36198 	3,49040 
26,20000 	0,34132 	3,48074 
26,25000 	0,32155 	3,47047 
26,30000 	0,30126 	3,45944 
26,35000 	0,28183 	3,44750 
26,40000 	0,26170 	3,43392 
26,45000 	0,24217 	3,41898 
26,50000 	0,22204 	3,40252 
26,55000 	0,20275 	3,38402 
26,60000 	0,18314 	3,36279 
26,65000 	0,16427 	3,33821 
26,70000 	0,14469 	3,30982 
26,75000 	0,12662 	3,27638 
26,80000 	0,10791 	3,23733 
26,85000 	0,09064 	3,19124 
26,90000 	0,07328 	3,13648 
26,95000 	0,05682 	3,07155 
27,00000 	0,04030 	2,99458 
27,05000 	0,02530 	2,90369 
27,10000 	0,01068 	2,79784 
27,15000 	-0,00312 	2,67272 
27,20000 	-0,01581 	2,52685 
27,25000 	-0,02585 	2,35525 
27,30000 	-0,03483 	2,15122 
27,35000 	-0,04379 	1,91234 
27,40000 	-0,05555 	1,64447 
27,45000 	-0,06887 	1,35259 
27,50000 	-0,08558 	1,04634 
27,55000 	-0,10453 	0,73176 
27,60000 	-0,12586 	0,41644 
27,65000 	-0,14915 	0,10768 
27,70000 	-0,17584 	-0,18796 
27,75000 	-0,20545 	-0,46111 
27,80000 	-0,24402 	-0,69573 
27,85000 	-0,29415 	-0,85700 
27,90000 	-0,33696 	-0,93640 
27,95000 	-0,36509 	-0,97260 
28,00000 	-0,38837 	-0,99570 
28,05000 	-0,40917 	-1,01474 
28,10000 	-0,43058 	-1,03169 
28,15000 	-0,45084 	-1,04708 
28,20000 	-0,47210 	-1,06175 
28,25000 	-0,49228 	-1,07513 
28,30000 	-0,50136 	-1,08251 
28,35000 	-0,48241 	-1,07694 
28,40000 	-0,46263 	-1,07013 
28,45000 	-0,44202 	-1,06313 
28,50000 	-0,42209 	-1,05570 
28,55000 	-0,40126 	-1,04786 
28,60000 	-0,38182 	-1,03976 
28,65000 	-0,36138 	-1,03117 
28,70000 	-0,34132 	-1,02141 
28,75000 	-0,31743 	-1,00986 
28,80000 	-0,28793 	-0,99264 
28,85000 	-0,25825 	-0,97336 
28,90000 	-0,22954 	-0,95078 
28,95000 	-0,20004 	-0,92369 
29,00000 	-0,17196 	-0,89096 
29,05000 	-0,14404 	-0,85136 
29,10000 	-0,11724 	-0,80225 
29,15000 	-0,09137 	-0,74092 
29,20000 	-0,06701 	-0,66337 
29,25000 	-0,04355 	-0,56680 
29,30000 	-0,02209 	-0,44537 
29,35000 	-0,00170 	-0,29676 
29,40000 	0,01597 	-0,11381 
29,45000 	0,03026 	0,11172 
29,50000 	0,04216 	0,38978 
29,55000 	0,05805 	0,71794 
29,60000 	0,07754 	1,08339 
29,65000 	0,10290 	1,47293 
29,70000 	0,13180 	1,87299 
29,75000 	0,16567 	2,26993 
29,80000 	0,20400 	2,65125 
29,85000 	0,24902 	3,00072 
29,90000 	0,31010 	3,28898 
29,95000 	0,39097 	3,44674 
30,00000 	0,44076 	3,49818 
30,05000 	0,47494 	3,52291 
30,10000 	0,49904 	3,54023 
30,15000 	0,47946 	3,53554 
30,20000 	0,44887 	3,52540 
30,25000 	0,41858 	3,51407 
30,30000 	0,38811 	3,50203 
30,35000 	0,35823 	3,48921 
30,40000 	0,32786 	3,47464 
30,45000 	0,29837 	3,45817 
30,50000 	0,26870 	3,43978 
30,55000 	0,23973 	3,41823 
30,60000 	0,21012 	3,39288 
30,65000 	0,18164 	3,36246 
30,70000 	0,15343 	3,32559 
30,75000 	0,12663 	3,28016 
30,80000 	0,10020 	3,22319 
30,85000 	0,07542 	3,15159 
30,90000 	0,05168 	3,06210 
30,95000 	0,02923 	2,94992 
31,00000 	0,00837 	2,81146 
31,05000 	-0,01039 	2,64107 
31,10000 	-0,02589 	2,43160 
31,15000 	-0,03803 	2,17238 
31,20000 	-0,05228 	1,86043 
31,25000 	-0,07044 	1,50611 
31,30000 	-0,09343 	1,12350 
31,35000 	-0,12115 	0,72554 
31,40000 	-0,15369 	0,32559 
31,45000 	-0,19000 	-0,06289 
31,50000 	-0,23235 	-0,42566 
31,55000 	-0,28500 	-0,74122 
31,60000 	-0,36542 	-0,95087 
31,65000 	-0,42711 	-1,02711 
31,70000 	-0,46347 	-1,05557 
31,75000 	-0,49405 	-1,07679 
31,80000 	-0,48880 	-1,07938 
31,85000 	-0,45836 	-1,06929 
31,90000 	-0,42832 	-1,05821 
31,95000 	-0,39782 	-1,04647 
32,00000 	-0,36796 	-1,03411 
32,05000 	-0,33807 	-1,02054 
32,10000 	-0,30810 	-1,00471 
32,15000 	-0,27809 	-0,98668 
32,20000 	-0,24899 	-0,96639 
32,25000 	-0,21986 	-0,94240 
32,30000 	-0,19099 	-0,91347 
32,35000 	-0,16263 	-0,87903 
32,40000 	-0,13532 	-0,83654 
32,45000 	-0,10861 	-0,78366 
32,50000 	-0,08320 	-0,71759 
32,55000 	-0,05904 	-0,63422 
32,60000 	-0,03641 	-0,52983 
32,65000 	-0,01490 	-0,39967 
32,70000 	0,00456 	-0,24049 
32,75000 	0,02126 	-0,04484 
32,80000 	0,03396 	0,19730 
32,85000 	0,04700 	0,49257 
32,90000 	0,06381 	0,83468 
32,95000 	0,08519 	1,20960 
33,00000 	0,11166 	1,60434 
33,05000 	0,14233 	2,00478 
33,10000 	0,17774 	2,39809 
33,15000 	0,21794 	2,77059 
33,20000 	0,26570 	3,10501 
33,25000 	0,33772 	3,35793 
33,30000 	0,41124 	3,47042 
33,35000 	0,45281 	3,50724 
33,40000 	0,48487 	3,52945 
33,45000 	0,49717 	3,54073 
33,50000 	0,46905 	3,53213 
33,55000 	0,43904 	3,52143 
33,60000 	0,40844 	3,51013 
33,65000 	0,37822 	3,49775 
33,70000 	0,34814 	3,48445 
33,75000 	0,31834 	3,46938 
33,80000 	0,28851 	3,45239 
33,85000 	0,25916 	3,43277 
33,90000 	0,22984 	3,41020 
33,95000 	0,20101 	3,38367 
34,00000 	0,17244 	3,35143 
34,05000 	0,14477 	3,31167 
34,10000 	0,11758 	3,26263 
34,15000 	0,09168 	3,20116 
34,20000 	0,06710 	3,12398 
34,25000 	0,04399 	3,02751 
34,30000 	0,02217 	2,90715 
34,35000 	0,00187 	2,75892 
34,40000 	-0,01614 	2,57645 
34,45000 	-0,02995 	2,35186 
34,50000 	-0,04234 	2,07504 
34,55000 	-0,05779 	1,74764 
34,60000 	-0,07745 	1,38240 
34,65000 	-0,10299 	0,99154 
34,70000 	-0,13567 	0,57805 
34,75000 	-0,17645 	0,15264 
34,80000 	-0,22408 	-0,26238 
34,85000 	-0,28222 	-0,64297 
34,90000 	-0,37147 	-0,93439 
34,95000 	-0,46447 	-1,05339 
35,00000 	-0,49302 	-1,07944 
35,05000 	-0,45810 	-1,06880 
35,10000 	-0,41778 	-1,05434 
35,15000 	-0,37793 	-1,03843 
35,20000 	-0,33780 	-1,02027 
35,25000 	-0,29844 	-0,99929 
35,30000 	-0,25923 	-0,97441 
35,35000 	-0,22087 	-0,94407 
35,40000 	-0,18288 	-0,90575 
35,45000 	-0,14643 	-0,85715 
35,50000 	-0,11149 	-0,79385 
35,55000 	-0,07906 	-0,71057 
35,60000 	-0,04844 	-0,60005 
35,65000 	-0,02037 	-0,45516 
35,70000 	0,00476 	-0,26892 
35,75000 	0,02531 	-0,03078 
35,80000 	0,04111 	0,27528 
35,85000 	0,06001 	0,65146 
35,90000 	0,08629 	1,08126 
35,95000 	0,11954 	1,54282 
36,00000 	0,16000 	2,01580 
36,05000 	0,20734 	2,47934 
36,10000 	0,26323 	2,91208 
36,15000 	0,33598 	3,28054 
36,20000 	0,44705 	3,49130 
36,25000 	0,49262 	3,53756 
36,30000 	0,45886 	3,52766 
36,35000 	0,41828 	3,51314 
36,40000 	0,37828 	3,49695 
36,45000 	0,33826 	3,47896 
36,50000 	0,29843 	3,45744 
36,55000 	0,25939 	3,43266 
36,60000 	0,22123 	3,40264 
36,65000 	0,18326 	3,36489 
36,70000 	0,14687 	3,31682 
36,75000 	0,11180 	3,25334 
36,80000 	0,07919 	3,16993 
36,85000 	0,04817 	3,05925 
36,90000 	0,02067 	2,91558 
36,95000 	-0,00432 	2,73029 
37,00000 	-0,02508 	2,49218 
37,05000 	-0,04109 	2,18706 
37,10000 	-0,06004 	1,81129 
37,15000 	-0,08632 	1,38186 
37,20000 	-0,11944 	0,92046 
37,25000 	-0,15995 	0,44751 
37,30000 	-0,20699 	-0,01670 
37,35000 	-0,26263 	-0,44980 
37,40000 	-0,33500 	-0,81956 
37,45000 	-0,44639 	-1,03211 
37,50000 	-0,49200 	-1,07842 
37,55000 	-0,45831 	-1,06862 
37,60000 	-0,41787 	-1,05413 
37,65000 	-0,37797 	-1,03799 
37,70000 	-0,33766 	-1,01967 
37,75000 	-0,29842 	-0,99902 
37,80000 	-0,25889 	-0,97388 
37,85000 	-0,22099 	-0,94365 
37,90000 	-0,18314 	-0,90569 
37,95000 	-0,14663 	-0,85694 
38,00000 	-0,11131 	-0,79375 
38,05000 	-0,07906 	-0,71038 
38,10000 	-0,04836 	-0,60017 
38,15000 	-0,02044 	-0,45536 
38,20000 	0,00489 	-0,26928 
38,25000 	0,02505 	-0,03135 
38,30000 	0,04107 	0,27464 
38,35000 	0,05997 	0,65086 
38,40000 	0,08647 	1,08043 
38,45000 	0,11941 	1,54179 
38,50000 	0,15999 	2,01470 
38,55000 	0,20732 	2,47835 
38,60000 	0,26310 	2,91089 
38,65000 	0,33584 	3,27995 
38,70000 	0,44761 	3,49150 
38,75000 	0,48541 	3,53487 
38,80000 	0,43999 	3,52007 
38,85000 	0,38922 	3,50091 
38,90000 	0,33979 	3,47902 
38,95000 	0,29033 	3,45282 
39,00000 	0,24233 	3,41994 
39,05000 	0,19517 	3,37856 
39,10000 	0,14988 	3,32281 
39,15000 	0,10732 	3,24652 
39,20000 	0,06820 	3,14066 
39,25000 	0,03255 	2,99526 
39,30000 	0,00103 	2,79879 
39,35000 	-0,02469 	2,53736 
39,40000 	-0,04385 	2,19032 
39,45000 	-0,06870 	1,75558 
39,50000 	-0,10273 	1,25763 
39,55000 	-0,14784 	0,72622 
39,60000 	-0,20190 	0,19047 
39,65000 	-0,26707 	-0,31977 
39,70000 	-0,34827 	-0,76726 
39,75000 	-0,44841 	-1,03237 
39,80000 	-0,43836 	-1,05056 
39,85000 	-0,38919 	-1,03244 
39,90000 	-0,33912 	-1,01087 
39,95000 	-0,29016 	-0,98475 
40,00000 	-0,24178 	-0,95305 
40,05000 	-0,19486 	-0,91150 
40,10000 	-0,14934 	-0,85658 
40,15000 	-0,10704 	-0,78076 
40,20000 	-0,06770 	-0,67624 
40,25000 	-0,03238 	-0,53080 
40,30000 	-0,00073 	-0,33438 
40,35000 	0,02474 	-0,07272 
40,40000 	0,04441 	0,27446 
40,45000 	0,06854 	0,70956 
40,50000 	0,10365 	1,20781 
40,55000 	0,14772 	1,73868 
40,60000 	0,20239 	2,27393 
40,65000 	0,26736 	2,78346 
40,70000 	0,34946 	3,22980 
40,75000 	0,44972 	3,49269 
40,80000 	0,43931 	3,51002 
40,85000 	0,38935 	3,49167 
40,90000 	0,33973 	3,46962 
40,95000 	0,29031 	3,44397 
41,00000 	0,24234 	3,41206 
41,05000 	0,19493 	3,37116 
41,10000 	0,15001 	3,31598 
41,15000 	0,10714 	3,24069 
41,20000 	0,06799 	3,13552 
41,25000 	0,03228 	2,99076 
41,30000 	0,00089 	2,79491 
41,35000 	-0,02480 	2,53389 
41,40000 	-0,04382 	2,18727 
41,45000 	-0,06878 	1,75303 
41,50000 	-0,10268 	1,25531 
41,55000 	-0,14785 	0,72400 
41,60000 	-0,20153 	0,18874 
41,65000 	-0,26693 	-0,32122 
41,70000 	-0,34840 	-0,76834 
41,75000 	-0,44909 	-1,03294 
41,80000 	-0,43844 	-1,05076 
41,85000 	-0,38913 	-1,03221 
41,90000 	-0,33896 	-1,01054 
41,95000 	-0,29035 	-0,98495 
42,00000 	-0,24172 	-0,95275 
42,05000 	-0,19523 	-0,91171 
42,10000 	-0,14935 	-0,85646 
42,15000 	-0,10719 	-0,78101 
42,20000 	-0,06742 	-0,67584 
42,25000 	-0,03245 	-0,53108 
42,30000 	-0,00041 	-0,33438 
42,35000 	0,02444 	-0,07344 
42,40000 	0,04421 	0,27406 
42,45000 	0,06838 	0,70916 
42,50000 	0,10321 	1,20688 
42,55000 	0,14773 	1,73815 
42,60000 	0,20216 	2,27316 
42,65000 	0,26725 	2,78261 
42,70000 	0,34883 	3,22876 
42,75000 	0,44965 	3,49262 
42,80000 	0,43938 	3,51011 
42,85000 	0,38929 	3,49125 
42,90000 	0,33981 	3,46961 
42,95000 	0,29026 	3,44388 
43,00000 	0,24243 	3,41191 
43,05000 	0,19503 	3,37133 
43,10000 	0,15010 	3,31600 
43,15000 	0,10710 	3,24065 
43,20000 	0,06815 	3,13566 
43,25000 	0,03240 	2,99116 
43,30000 	0,00121 	2,79520 
43,35000 	-0,02486 	2,53451 
43,40000 	-0,04406 	2,18813 
43,45000 	-0,06860 	1,75400 
43,50000 	-0,10291 	1,25605 
43,55000 	-0,14757 	0,72535 
43,60000 	-0,20168 	0,18957 
43,65000 	-0,26651 	-0,32033 
43,70000 	-0,34816 	-0,76764 
43,75000 	-0,44895 	-1,03268 
43,80000 	-0,43871 	-1,05092 
43,85000 	-0,38919 	-1,03223 
43,90000 	-0,33940 	-1,01066 
43,95000 	-0,29030 	-0,98493 
44,00000 	-0,24183 	-0,95287 
44,05000 	-0,19512 	-0,91160 
44,10000 	-0,14948 	-0,85649 
44,15000 	-0,10722 	-0,78103 
44,20000 	-0,06809 	-0,67659 
44,25000 	-0,03246 	-0,53111 
44,30000 	-0,00058 	-0,33464 
44,35000 	0,02460 	-0,07407 
44,40000 	0,04375 	0,27284 
44,45000 	0,06871 	0,70826 
44,50000 	0,10317 	1,20561 
44,55000 	0,14762 	1,73686 
44,60000 	0,20213 	2,27180 
44,65000 	0,26707 	2,78164 
44,70000 	0,34887 	3,22829 
44,75000 	0,44975 	3,49230 
44,80000 	0,43937 	3,51003 
44,85000 	0,38958 	3,49129 
44,90000 	0,34015 	3,46990 
44,95000 	0,29039 	3,44382 
45,00000 	0,24227 	3,41194 
45,05000 	0,19552 	3,37127 
45,10000 	0,15032 	3,31630 
45,15000 	0,10713 	3,24067 
45,20000 	0,06794 	3,13577 
45,25000 	0,03247 	2,99118 
45,30000 	0,00098 	2,79568 
45,35000 	-0,02475 	2,53487 
45,40000 	-0,04347 	2,18927 
45,45000 	-0,06844 	1,75488 
45,50000 	-0,10269 	1,25745 
45,55000 	-0,14742 	0,72639 
45,60000 	-0,20139 	0,19081 
45,65000 	-0,26650 	-0,31929 
45,70000 	-0,34824 	-0,76719 
45,75000 	-0,44869 	-1,03246 
45,80000 	-0,43886 	-1,05072 
45,85000 	-0,38936 	-1,03221 
45,90000 	-0,33925 	-1,01054 
45,95000 	-0,29051 	-0,98518 
46,00000 	-0,24176 	-0,95276 
46,05000 	-0,19528 	-0,91197 
46,10000 	-0,14967 	-0,85654 
46,15000 	-0,10724 	-0,78133 
46,20000 	-0,06784 	-0,67654 
46,25000 	-0,03234 	-0,53148 
46,30000 	-0,00111 	-0,33550 
46,35000 	0,02459 	-0,07450 
46,40000 	0,04396 	0,27232 
46,45000 	0,06809 	0,70673 
46,50000 	0,10291 	1,20474 
46,55000 	0,14749 	1,73555 
46,60000 	0,20153 	2,27063 
46,65000 	0,26676 	2,78044 
46,70000 	0,34855 	3,22730 
46,75000 	0,44966 	3,49188 
46,80000 	0,43932 	3,51009 
46,85000 	0,38981 	3,49124 
46,90000 	0,33984 	3,46985 
46,95000 	0,29071 	3,44386 
47,00000 	0,24251 	3,41210 
47,05000 	0,19537 	3,37121 
47,10000 	0,14995 	3,31605 
47,15000 	0,10738 	3,24068 
47,20000 	0,06815 	3,13622 
47,25000 	0,03263 	2,99175 
47,30000 	0,00111 	2,79609 
47,35000 	-0,02446 	2,53582 
47,40000 	-0,04392 	2,18980 
47,45000 	-0,06826 	1,75604 
47,50000 	-0,10288 	1,25848 
47,55000 	-0,14725 	0,72766 
47,60000 	-0,20146 	0,19222 
47,65000 	-0,26626 	-0,31825 
47,70000 	-0,34803 	-0,76585 
47,75000 	-0,44856 	-1,03226 
47,80000 	-0,43897 	-1,05098 
47,85000 	-0,38937 	-1,03248 
47,90000 	-0,33977 	-1,01099 
47,95000 	-0,29046 	-0,98505 
48,00000 	-0,24234 	-0,95304 
48,05000 	-0,19491 	-0,91177 
48,10000 	-0,15008 	-0,85687 
48,15000 	-0,10722 	-0,78142 
48,20000 	-0,06815 	-0,67689 
48,25000 	-0,03236 	-0,53170 
48,30000 	-0,00119 	-0,33602 
48,35000 	0,02478 	-0,07514 
48,40000 	0,04388 	0,27154 
48,45000 	0,06955 	0,71149 
48,50000 	0,10812 	1,23236 
48,55000 	0,16041 	1,79969 
48,60000 	0,22514 	2,37462 
48,65000 	0,30518 	2,91665 
48,70000 	0,37885 	3,34092 
48,75000 	0,41218 	3,47798 
48,80000 	0,36484 	3,46385 
48,85000 	0,30604 	3,43639 
48,90000 	0,24802 	3,40133 
48,95000 	0,19233 	3,35514 
49,00000 	0,13877 	3,28921 
49,05000 	0,09014 	3,19403 
49,10000 	0,04612 	3,05480 
49,15000 	0,00810 	2,85661 
49,20000 	-0,02291 	2,58172 
49,25000 	-0,04563 	2,20381 
49,30000 	-0,07538 	1,71950 
49,35000 	-0,11795 	1,16182 
49,40000 	-0,17402 	0,56969 
49,45000 	-0,24308 	-0,01832 
49,50000 	-0,32602 	-0,55830 
49,55000 	-0,38307 	-0,92785 
49,60000 	-0,39892 	-1,01347 
49,65000 	-0,34475 	-0,99278 
49,70000 	-0,28593 	-0,96318 
49,75000 	-0,22844 	-0,92520 
49,80000 	-0,17386 	-0,87359 
49,85000 	-0,12181 	-0,79959 
49,90000 	-0,07442 	-0,69127 
49,95000 	-0,03275 	-0,53448 
50,00000 	0,00314 	-0,31263 
50,05000 	0,03061 	-0,00578 
50,10000 	0,05399 	0,41037 
50,15000 	0,08811 	0,92359 
50,20000 	0,13558 	1,49732 
50,25000 	0,19613 	2,09217 
50,30000 	0,27006 	2,66877 
50,35000 	0,34964 	3,17176 
50,40000 	0,39894 	3,44378 
50,45000 	0,38405 	3,46724 
50,50000 	0,32523 	3,44198 
50,55000 	0,26739 	3,41021 
50,60000 	0,21029 	3,36915 
50,65000 	0,15605 	3,31089 
50,70000 	0,10562 	3,22733 
50,75000 	0,06027 	3,10455 
50,80000 	0,01992 	2,92816 
50,85000 	-0,01364 	2,68166 
50,90000 	-0,03826 	2,34070 
50,95000 	-0,06379 	1,88992 
51,00000 	-0,10241 	1,35240 
51,05000 	-0,15367 	0,76770 
51,10000 	-0,21880 	0,17376 
51,15000 	-0,29765 	-0,38824 
51,20000 	-0,36740 	-0,83674 
51,25000 	-0,40470 	-1,00878 
51,30000 	-0,36475 	-1,00091 
51,35000 	-0,30551 	-0,97355 
51,40000 	-0,24786 	-0,93903 
51,45000 	-0,19159 	-0,89269 
51,50000 	-0,13917 	-0,82741 
51,55000 	-0,08963 	-0,73203 
51,60000 	-0,04639 	-0,59325 
51,65000 	-0,00764 	-0,39443 
51,70000 	0,02265 	-0,11935 
51,75000 	0,04584 	0,25876 
51,80000 	0,07526 	0,74373 
51,85000 	0,11833 	1,30101 
51,90000 	0,17389 	1,89287 
51,95000 	0,24354 	2,48035 
52,00000 	0,32641 	3,01949 
52,05000 	0,38442 	3,38789 
52,10000 	0,39915 	3,47194 
52,15000 	0,34542 	3,45124 
52,20000 	0,28644 	3,42217 
52,25000 	0,22927 	3,38411 
52,30000 	0,17384 	3,33263 
52,35000 	0,12233 	3,25868 
52,40000 	0,07483 	3,15081 
52,45000 	0,03319 	2,99393 
52,50000 	-0,00333 	2,77335 
52,55000 	-0,03050 	2,46713 
52,60000 	-0,05459 	2,05184 
52,65000 	-0,08772 	1,53965 
52,70000 	-0,13512 	0,96656 
52,75000 	-0,19508 	0,37123 
52,80000 	-0,26981 	-0,20653 
52,85000 	-0,34907 	-0,71049 
52,90000 	-0,39849 	-0,98383 
52,95000 	-0,38345 	-1,00847 
53,00000 	-0,32559 	-0,98333 
53,05000 	-0,26684 	-0,95161 
53,10000 	-0,21034 	-0,90974 
53,15000 	-0,15599 	-0,85172 
53,20000 	-0,10588 	-0,76805 
53,25000 	-0,05992 	-0,64548 
53,30000 	-0,02031 	-0,46890 
53,35000 	0,01403 	-0,22156 
53,40000 	0,03792 	0,11956 
53,45000 	0,06396 	0,57076 
53,50000 	0,10219 	1,10840 
53,55000 	0,15414 	1,69307 
53,60000 	0,21866 	2,28656 
53,65000 	0,29807 	2,84788 
53,70000 	0,36771 	3,29655 
53,75000 	0,40567 	3,46747 
53,80000 	0,36511 	3,45976 
53,85000 	0,30640 	3,43265 
53,90000 	0,24823 	3,39799 
53,95000 	0,19246 	3,35177 
54,00000 	0,13910 	3,28667 
54,05000 	0,09038 	3,19144 
54,10000 	0,04628 	3,05290 
54,15000 	0,00839 	2,85548 
54,20000 	-0,02282 	2,58093 
54,25000 	-0,04541 	2,20362 
54,30000 	-0,07519 	1,71998 
54,35000 	-0,11770 	1,16267 
54,40000 	-0,17383 	0,57077 
54,45000 	-0,24272 	-0,01724 
54,50000 	-0,32592 	-0,55719 
54,55000 	-0,38337 	-0,92744 
54,60000 	-0,39919 	-1,01278 
54,65000 	-0,34507 	-0,99254 
54,70000 	-0,28671 	-0,96323 
54,75000 	-0,22895 	-0,92513 
54,80000 	-0,17404 	-0,87321 
54,85000 	-0,12208 	-0,79974 
54,90000 	-0,07513 	-0,69174 
54,95000 	-0,03275 	-0,53505 
55,00000 	0,00305 	-0,31331 
55,05000 	0,03097 	-0,00696 
55,10000 	0,05424 	0,40903 
55,15000 	0,09084 	0,93426 
55,20000 	0,14352 	1,53672 
55,25000 	0,21351 	2,16789 
55,30000 	0,29836 	2,77605 
55,35000 	0,33966 	3,22634 
55,40000 	0,35680 	3,41417 
55,45000 	0,31647 	3,41202 
55,50000 	0,24939 	3,37536 
55,55000 	0,18473 	3,32385 
55,60000 	0,12451 	3,24663 
55,65000 	0,07086 	3,12760 
55,70000 	0,02391 	2,94671 
55,75000 	-0,01483 	2,68194 
55,80000 	-0,04186 	2,30438 
55,85000 	-0,07360 	1,79733 
55,90000 	-0,12151 	1,19756 
55,95000 	-0,18614 	0,55336 
56,00000 	-0,26814 	-0,08481 
56,05000 	-0,32790 	-0,61746 
56,10000 	-0,34376 	-0,90411 
56,15000 	-0,33209 	-0,95533 
56,20000 	-0,26815 	-0,92380 
56,25000 	-0,20253 	-0,87757 
56,30000 	-0,14114 	-0,80960 
56,35000 	-0,08478 	-0,70454 
56,40000 	-0,03640 	-0,54340 
56,45000 	0,00509 	-0,30495 
56,50000 	0,03438 	0,03743 
56,55000 	0,06296 	0,50981 
56,60000 	0,10635 	1,08849 
56,65000 	0,16604 	1,72428 
56,70000 	0,24315 	2,36899 
56,75000 	0,31936 	2,94933 
56,80000 	0,33949 	3,30912 
56,85000 	0,34458 	3,41551 
56,90000 	0,28788 	3,39264 
56,95000 	0,22145 	3,35074 
57,00000 	0,15833 	3,29055 
57,05000 	0,10060 	3,19772 
57,10000 	0,04965 	3,05540 
57,15000 	0,00618 	2,84191 
57,20000 	-0,02742 	2,53316 
57,25000 	-0,05381 	2,09875 
57,30000 	-0,09197 	1,54678 
57,35000 	-0,14718 	0,92199 
57,40000 	-0,21896 	0,27457 
57,45000 	-0,30253 	-0,33923 
57,50000 	-0,33422 	-0,77228 
57,55000 	-0,34863 	-0,94905 
57,60000 	-0,30633 	-0,94383 
57,65000 	-0,23987 	-0,90560 
57,70000 	-0,17569 	-0,85152 
57,75000 	-0,11603 	-0,76970 
57,80000 	-0,06353 	-0,64360 
57,85000 	-0,01792 	-0,45187 
57,90000 	0,01915 	-0,17294 
57,95000 	0,04543 	0,22378 
58,00000 	0,07941 	0,74739 
58,05000 	0,12967 	1,35630 
58,10000 	0,19692 	2,00238 
58,15000 	0,28123 	2,63427 
58,20000 	0,33174 	3,13523 
58,25000 	0,34738 	3,38385 
58,30000 	0,32493 	3,41040 
58,35000 	0,25915 	3,37654 
58,40000 	0,19381 	3,32769 
58,45000 	0,13277 	3,25549 
58,50000 	0,07803 	3,14403 
58,55000 	0,03013 	2,97372 
58,60000 	-0,00968 	2,72362 
58,65000 	-0,03849 	2,36380 
58,70000 	-0,06798 	1,87477 
58,75000 	-0,11365 	1,28546 
58,80000 	-0,17587 	0,64527 
58,85000 	-0,25522 	0,00314 
58,90000 	-0,32431 	-0,55582 
58,95000 	-0,34152 	-0,87947 
59,00000 	-0,33889 	-0,95655 
59,05000 	-0,27793 	-0,92893 
59,10000 	-0,21192 	-0,88471 
59,15000 	-0,14957 	-0,82023 
59,20000 	-0,09253 	-0,72209 
59,25000 	-0,04337 	-0,57064 
59,30000 	-0,00046 	-0,34449 
59,35000 	0,03093 	-0,01955 
59,40000 	0,05846 	0,43430 
59,45000 	0,09911 	1,00011 
59,50000 	0,15638 	1,63064 
59,55000 	0,23090 	2,27708 
59,60000 	0,31201 	2,87595 
59,65000 	0,33693 	3,27275 
59,70000 	0,34834 	3,41320 
59,75000 	0,29753 	3,39757 
59,80000 	0,23071 	3,35752 
59,85000 	0,16705 	3,30033 
59,90000 	0,10862 	3,21383 
59,95000 	0,05654 	3,07971 
60,00000 	0,01212 	2,87791 
60,05000 	-0,02335 	2,58521 
60,10000 	-0,04951 	2,17019 
60,15000 	-0,08549 	1,63234 
60,20000 	-0,13788 	1,01549 
60,25000 	-0,20767 	0,36795 
60,30000 	-0,29176 	-0,25659 
60,35000 	-0,33263 	-0,72510 
60,40000 	-0,34852 	-0,93855 
60,45000 	-0,31606 	-0,94786 
60,50000 	-0,24924 	-0,91171 
60,55000 	-0,18467 	-0,86025 
60,60000 	-0,12431 	-0,78349 
60,65000 	-0,07061 	-0,66497 
60,70000 	-0,02369 	-0,48403 
60,75000 	0,01457 	-0,21990 
60,80000 	0,04207 	0,15806 
60,85000 	0,07327 	0,66466 
60,90000 	0,12139 	1,26418 
60,95000 	0,18613 	1,90812 
61,00000 	0,26837 	2,54563 
61,05000 	0,32859 	3,07769 
61,10000 	0,34494 	3,36397 
61,15000 	0,33276 	3,41320 
61,20000 	0,26898 	3,38216 
61,25000 	0,20308 	3,33581 
61,30000 	0,14153 	3,26773 
61,35000 	0,08522 	3,16322 
61,40000 	0,03688 	3,00291 
61,45000 	-0,00469 	2,76576 
61,50000 	-0,03460 	2,42418 
61,55000 	-0,06293 	1,95325 
61,60000 	-0,10604 	1,37552 
61,65000 	-0,16586 	0,73961 
61,70000 	-0,24246 	0,09466 
61,75000 	-0,31870 	-0,48707 
61,80000 	-0,33864 	-0,84820 
61,85000 	-0,34458 	-0,95693 
61,90000 	-0,28760 	-0,93406 
61,95000 	-0,22172 	-0,89207 
62,00000 	-0,15843 	-0,83133 
62,05000 	-0,10096 	-0,73920 
62,10000 	-0,04953 	-0,59665 
62,15000 	-0,00660 	-0,38277 
62,20000 	0,02741 	-0,07443 
62,25000 	0,05327 	0,36004 
62,30000 	0,09177 	0,91228 
62,35000 	0,14693 	1,53683 
62,40000 	0,21927 	2,18413 
62,45000 	0,30264 	2,79733 
62,50000 	0,33534 	3,23110 
62,55000 	0,34943 	3,40755 
62,60000 	0,30724 	3,40200 
62,65000 	0,24017 	3,36436 
62,70000 	0,17600 	3,30981 
62,75000 	0,11677 	3,22887 
62,80000 	0,06408 	3,10289 
62,85000 	0,01795 	2,91209 
62,90000 	-0,01897 	2,63436 
62,95000 	-0,04557 	2,23920 
63,00000 	-0,07862 	1,71706 
63,05000 	-0,12959 	1,10827 
63,10000 	-0,19622 	0,46237 
63,15000 	-0,28044 	-0,17016 
63,20000 	-0,33062 	-0,67286 
63,25000 	-0,34702 	-0,92392 
63,30000 	-0,32480 	-0,95178 
63,35000 	-0,25919 	-0,91755 
63,40000 	-0,19398 	-0,86902 
63,45000 	-0,13288 	-0,79653 
63,50000 	-0,07802 	-0,68562 
63,55000 	-0,03041 	-0,51512 
63,60000 	0,00999 	-0,26460 
63,65000 	0,03788 	0,09485 
63,70000 	0,06795 	0,58393 
63,75000 	0,11319 	1,17317 
63,80000 	0,17573 	1,81331 
63,85000 	0,25482 	2,45495 
63,90000 	0,32503 	3,01417 
63,95000 	0,34191 	3,33827 
64,00000 	0,34027 	3,41545 
64,05000 	0,27829 	3,38744 
64,10000 	0,21278 	3,34352 
64,15000 	0,14975 	3,27946 
64,20000 	0,09345 	3,18157 
64,25000 	0,04304 	3,03068 
64,30000 	0,00109 	2,80583 
64,35000 	-0,03096 	2,48213 
64,40000 	-0,05762 	2,03006 
64,45000 	-0,09844 	1,46502 
64,50000 	-0,15573 	0,83432 
64,55000 	-0,23029 	0,18751 
64,60000 	-0,31099 	-0,41261 
64,65000 	-0,33663 	-0,81142 
64,70000 	-0,34758 	-0,95418 
64,75000 	-0,29783 	-0,93881 
64,80000 	-0,23081 	-0,89901 
64,85000 	-0,16765 	-0,84172 
64,90000 	-0,10871 	-0,75531 
64,95000 	-0,05701 	-0,62123 
65,00000 	-0,01206 	-0,41909 
65,05000 	0,02332 	-0,12629 
65,10000 	0,04944 	0,28860 
65,15000 	0,08496 	0,82618 
65,20000 	0,13786 	1,44298 
65,25000 	0,20709 	2,08998 
65,30000 	0,29219 	2,71444 
65,35000 	0,33330 	3,18392 
65,40000 	0,34914 	3,39720 
65,45000 	0,31641 	3,40637 
65,50000 	0,25023 	3,37055 
65,55000 	0,18515 	3,31930 
65,60000 	0,12524 	3,24289 
65,65000 	0,07076 	3,12462 
65,70000 	0,02458 	2,94490 
65,75000 	-0,01445 	2,68161 
65,80000 	-0,04130 	2,30494 
65,85000 	-0,07299 	1,79991 
65,90000 	-0,12069 	1,20069 
65,95000 	-0,18559 	0,55705 
66,00000 	-0,26734 	-0,08098 
66,05000 	-0,32806 	-0,61492 
66,10000 	-0,34424 	-0,90341 
66,15000 	-0,33315 	-0,95490 
66,20000 	-0,26870 	-0,92341 
66,25000 	-0,20349 	-0,87710 
66,30000 	-0,14142 	-0,80903 
66,35000 	-0,08568 	-0,70462 
66,40000 	-0,03685 	-0,54471 
66,45000 	0,00415 	-0,30685 
66,50000 	0,03453 	0,03413 
66,55000 	0,06244 	0,50526 
66,60000 	0,10570 	1,08258 
66,65000 	0,16529 	1,71860 
66,70000 	0,24222 	2,36294 
66,75000 	0,31888 	2,94510 
66,80000 	0,33962 	3,30703 
66,85000 	0,34514 	3,41533 
66,90000 	0,28850 	3,39274 
66,95000 	0,22201 	3,35102 
67,00000 	0,15897 	3,29037 
67,05000 	0,10087 	3,19846 
67,10000 	0,05025 	3,05649 
67,15000 	0,00649 	2,84394 
67,20000 	-0,02700 	2,53659 
67,25000 	-0,05330 	2,10397 
67,30000 	-0,09146 	1,55243 
67,35000 	-0,14671 	0,92846 
67,40000 	-0,21836 	0,28065 
67,45000 	-0,30209 	-0,33360 
67,50000 	-0,33435 	-0,76902 
67,55000 	-0,34910 	-0,94787 
67,60000 	-0,30705 	-0,94344 
67,65000 	-0,24056 	-0,90537 
67,70000 	-0,17623 	-0,85147 
67,75000 	-0,11706 	-0,77029 
67,80000 	-0,06374 	-0,64464 
67,85000 	-0,01838 	-0,45366 
67,90000 	0,01887 	-0,17611 
67,95000 	0,04508 	0,21983 
68,00000 	0,07889 	0,74153 
68,05000 	0,12914 	1,35003 
68,10000 	0,19639 	1,99590 
68,15000 	0,28018 	2,62810 
68,20000 	0,33129 	3,13095 
68,25000 	0,34716 	3,38235 
68,30000 	0,32560 	3,41029 
68,35000 	0,25976 	3,37649 
68,40000 	0,19480 	3,32804 
68,45000 	0,13353 	3,25625 
68,50000 	0,07861 	3,14516 
68,55000 	0,03068 	2,97562 
68,60000 	-0,00938 	2,72631 
68,65000 	-0,03775 	2,36852 
68,70000 	-0,06739 	1,88046 
68,75000 	-0,11286 	1,29200 
68,80000 	-0,17480 	0,65196 
68,85000 	-0,25422 	0,00991 
68,90000 	-0,32393 	-0,55108 
68,95000 	-0,34155 	-0,87726 
69,00000 	-0,33958 	-0,95669 
69,05000 	-0,27860 	-0,92868 
69,10000 	-0,21262 	-0,88500 
69,15000 	-0,15012 	-0,82062 
69,20000 	-0,09344 	-0,72338 
69,25000 	-0,04348 	-0,57218 
69,30000 	-0,00090 	-0,34710 
69,35000 	0,03079 	-0,02321 
69,40000 	0,05767 	0,42869 
69,45000 	0,09823 	0,99378 
69,50000 	0,15585 	1,62414 
69,55000 	0,22997 	2,27055 
69,60000 	0,31150 	2,87061 
69,65000 	0,33689 	3,27005 
69,70000 	0,34859 	3,41287 
69,75000 	0,29833 	3,39772 
69,80000 	0,23151 	3,35777 
69,85000 	0,16778 	3,30081 
69,90000 	0,10907 	3,21437 
69,95000 	0,05707 	3,08134 
70,00000 	0,01252 	2,88018 
70,05000 	-0,02288 	2,58895 
70,10000 	-0,04912 	2,17505 
70,15000 	-0,08480 	1,63854 
70,20000 	-0,13732 	1,02208 
70,25000 	-0,20679 	0,37488 
70,30000 	-0,29115 	-0,25039 
70,35000 	-0,33260 	-0,72139 
70,40000 	-0,34862 	-0,93801 
70,45000 	-0,31675 	-0,94795 
70,50000 	-0,25032 	-0,91184 
70,55000 	-0,18544 	-0,86064 
70,60000 	-0,12516 	-0,78414 
70,65000 	-0,07105 	-0,66635 
70,70000 	-0,02446 	-0,48643 
70,75000 	0,01422 	-0,22275 
70,80000 	0,04146 	0,15342 
70,85000 	0,07270 	0,65889 
70,90000 	0,12064 	1,25737 
70,95000 	0,18541 	1,90120 
71,00000 	0,26717 	2,53896 
71,05000 	0,32877 	3,07328 
71,10000 	0,34459 	3,36193 
71,15000 	0,33352 	3,41327 
71,20000 	0,26970 	3,38216 
71,25000 	0,20390 	3,33622 
71,30000 	0,14206 	3,26834 
71,35000 	0,08620 	3,16451 
71,40000 	0,03731 	3,00479 
71,45000 	-0,00408 	2,76870 
71,50000 	-0,03426 	2,42864 
71,55000 	-0,06233 	1,95899 
71,60000 	-0,10547 	1,38194 
71,65000 	-0,16480 	0,74681 
71,70000 	-0,24190 	0,10130 
71,75000 	-0,31806 	-0,48153 
71,80000 	-0,33893 	-0,84575 
71,85000 	-0,34491 	-0,95663 
71,90000 	-0,28849 	-0,93428 
71,95000 	-0,22207 	-0,89231 
72,00000 	-0,15898 	-0,83181 
72,05000 	-0,10112 	-0,74006 
72,10000 	-0,05041 	-0,59825 
72,15000 	-0,00715 	-0,38550 
72,20000 	0,02722 	-0,07807 
72,25000 	0,05336 	0,35481 
72,30000 	0,09114 	0,90599 
72,35000 	0,14635 	1,52981 
72,40000 	0,21801 	2,17694 
72,45000 	0,30207 	2,79147 
72,50000 	0,33489 	3,22775 
72,55000 	0,34970 	3,40656 
72,60000 	0,30767 	3,40215 
72,65000 	0,24139 	3,36469 
72,70000 	0,17677 	3,31081 
72,75000 	0,11737 	3,22925 
72,80000 	0,06412 	3,10419 
72,85000 	0,01864 	2,91438 
72,90000 	-0,01870 	2,63819 
72,95000 	-0,04492 	2,24402 
73,00000 	-0,07848 	1,72313 
73,05000 	-0,12846 	1,11528 
73,10000 	-0,19565 	0,46937 
73,15000 	-0,27908 	-0,16361 
73,20000 	-0,33068 	-0,66861 
73,25000 	-0,34656 	-0,92223 
73,30000 	-0,32584 	-0,95195 
73,35000 	-0,25986 	-0,91806 
73,40000 	-0,19475 	-0,86955 
73,45000 	-0,13337 	-0,79762 
73,50000 	-0,07879 	-0,68708 
73,55000 	-0,03084 	-0,51726 
73,60000 	0,00933 	-0,26763 
73,65000 	0,03805 	0,09048 
73,70000 	0,06720 	0,57778 
73,75000 	0,11303 	1,16644 
73,80000 	0,17454 	1,80607 
73,85000 	0,25418 	2,44820 
73,90000 	0,32459 	3,00951 
73,95000 	0,34212 	3,33601 
74,00000 	0,34001 	3,41496 
74,05000 	0,27943 	3,38770 
74,10000 	0,21304 	3,34388 
74,15000 	0,15102 	3,28029 
74,20000 	0,09385 	3,18263 
74,25000 	0,04407 	3,03239 
74,30000 	0,00113 	2,80860 
74,35000 	-0,03134 	2,48000 
74,40000 	-0,06175 	2,00230 
74,45000 	-0,10840 	1,39557 
74,50000 	-0,17620 	0,71755 
74,55000 	-0,26223 	0,03089 
74,60000 	-0,30454 	-0,51288 
74,65000 	-0,29975 	-0,80737 
74,70000 	-0,28288 	-0,88583 
74,75000 	-0,21738 	-0,84967 
74,80000 	-0,14653 	-0,78265 
74,85000 	-0,08331 	-0,67394 
74,90000 	-0,02975 	-0,49685 
74,95000 	0,01409 	-0,22375 
75,00000 	0,04386 	0,18149 
75,05000 	0,08151 	0,73381 
75,10000 	0,13840 	1,38707 
75,15000 	0,21687 	2,08153 
75,20000 	0,29359 	2,72820 
75,25000 	0,30305 	3,14489 
75,30000 	0,29621 	3,33037 
75,35000 	0,25389 	3,33249 
75,40000 	0,18137 	3,27980 
75,45000 	0,11422 	3,19459 
75,50000 	0,05524 	3,05515 
75,55000 	0,00707 	2,83434 
75,60000 	-0,03028 	2,50051 
75,65000 	-0,06049 	2,01970 
75,70000 	-0,10730 	1,40983 
75,75000 	-0,17470 	0,72842 
75,80000 	-0,26157 	0,03897 
75,85000 	-0,30351 	-0,50742 
75,90000 	-0,29926 	-0,80412 
75,95000 	-0,28247 	-0,88437 
76,00000 	-0,21745 	-0,84852 
76,05000 	-0,14637 	-0,78156 
76,10000 	-0,08343 	-0,67262 
76,15000 	-0,02936 	-0,49562 
76,20000 	0,01374 	-0,22256 
76,25000 	0,04413 	0,18234 
76,30000 	0,08089 	0,73467 
76,35000 	0,13855 	1,38787 
76,40000 	0,21677 	2,08237 
76,45000 	0,29414 	2,72844 
76,50000 	0,30294 	3,14506 
76,55000 	0,29675 	3,33006 
76,60000 	0,25386 	3,33185 
76,65000 	0,18170 	3,27890 
76,70000 	0,11395 	3,19417 
76,75000 	0,05579 	3,05470 
76,80000 	0,00649 	2,83365 
76,85000 	-0,03003 	2,50038 
76,90000 	-0,06036 	2,01990 
76,95000 	-0,10687 	1,41000 
77,00000 	-0,17484 	0,72880 
77,05000 	-0,26142 	0,03886 
77,10000 	-0,30373 	-0,50720 
77,15000 	-0,29880 	-0,80422 
77,20000 	-0,28278 	-0,88444 
77,25000 	-0,21727 	-0,84875 
77,30000 	-0,14705 	-0,78185 
77,35000 	-0,08316 	-0,67270 
77,40000 	-0,03002 	-0,49590 
77,45000 	0,01389 	-0,22291 
77,50000 	0,04385 	0,18195 
77,55000 	0,08126 	0,73418 
77,60000 	0,13803 	1,38718 
77,65000 	0,21670 	2,08128 
77,70000 	0,29365 	2,72795 
77,75000 	0,30330 	3,14457 
77,80000 	0,29664 	3,32973 
77,85000 	0,25422 	3,33161 
77,90000 	0,18142 	3,27881 
77,95000 	0,11427 	3,19354 
78,00000 	0,05547 	3,05446 
78,05000 	0,00686 	2,83391 
78,10000 	-0,03007 	2,50068 
78,15000 	-0,06028 	2,02018 
78,20000 	-0,10719 	1,41049 
78,25000 	-0,17448 	0,72927 
78,30000 	-0,26125 	0,03967 
78,35000 	-0,30342 	-0,50697 
78,40000 	-0,29914 	-0,80422 
78,45000 	-0,28257 	-0,88446 
78,50000 	-0,21781 	-0,84852 
78,55000 	-0,14678 	-0,78182 
78,60000 	-0,08384 	-0,67299 
78,65000 	-0,02965 	-0,49606 
78,70000 	0,01363 	-0,22332 
78,75000 	0,04418 	0,18151 
78,80000 	0,08093 	0,73355 
78,85000 	0,13854 	1,38638 
78,90000 	0,21633 	2,08056 
78,95000 	0,29414 	2,72707 
79,00000 	0,30279 	3,14404 
79,05000 	0,29692 	3,32928 
79,10000 	0,25416 	3,33156 
79,15000 	0,18188 	3,27850 
79,20000 	0,11415 	3,19388 
79,25000 	0,05570 	3,05457 
79,30000 	0,00651 	2,83389 
79,35000 	-0,02971 	2,50091 
79,40000 	-0,06023 	2,02080 
79,45000 	-0,10703 	1,41100 
79,50000 	-0,17453 	0,73007 
79,55000 	-0,26120 	0,04021 
79,60000 	-0,30375 	-0,50668 
79,65000 	-0,29928 	-0,80422 
79,70000 	-0,28314 	-0,88472 
79,75000 	-0,21768 	-0,84858 
79,80000 	-0,14696 	-0,78175 
79,85000 	-0,08377 	-0,67318 
79,90000 	-0,03001 	-0,49623 
79,95000 	0,01383 	-0,22368 
80,00000 	0,04381 	0,18071 
80,05000 	0,08121 	0,73249 
80,10000 	0,13775 	1,38548 
80,15000 	0,21654 	2,07961 
80,20000 	0,29367 	2,72653 
80,25000 	0,30317 	3,14356 
80,30000 	0,29656 	3,32909 
80,35000 	0,25428 	3,33143 
80,40000 	0,18192 	3,27867 
80,45000 	0,11454 	3,19350 
80,50000 	0,05577 	3,05474 
80,55000 	0,00715 	2,83426 
80,60000 	-0,03010 	2,50108 
80,65000 	-0,06019 	2,02151 
80,70000 	-0,10686 	1,41200 
80,75000 	-0,17423 	0,73069 
80,80000 	-0,26119 	0,04108 
80,85000 	-0,30343 	-0,50600 
80,90000 	-0,29922 	-0,80379 
80,95000 	-0,28286 	-0,88475 
81,00000 	-0,21783 	-0,84842 
81,05000 	-0,14692 	-0,78209 
81,10000 	-0,08414 	-0,67330 
81,15000 	-0,02996 	-0,49664 
81,20000 	0,01355 	-0,22393 
81,25000 	0,04405 	0,18031 
81,30000 	0,08092 	0,73200 
81,35000 	0,13826 	1,38467 
81,40000 	0,21629 	2,07879 
81,45000 	0,29394 	2,72585 
81,50000 	0,30317 	3,14358 
81,55000 	0,29682 	3,32897 
81,60000 	0,25414 	3,33139 
81,65000 	0,18227 	3,27875 
81,70000 	0,11438 	3,19372 
81,75000 	0,05631 	3,05496 
81,80000 	0,00643 	2,83429 
81,85000 	-0,02986 	2,50174 
81,90000 	-0,06017 	2,02211 
81,95000 	-0,10685 	1,41259 
82,00000 	-0,17446 	0,73163 
82,05000 	-0,26070 	0,04188 
82,10000 	-0,30377 	-0,50543 
82,15000 	-0,29901 	-0,80350 
82,20000 	-0,28315 	-0,88450 
82,25000 	-0,21766 	-0,84872 
82,30000 	-0,14708 	-0,78187 
82,35000 	-0,08407 	-0,67357 
82,40000 	-0,03014 	-0,49662 
82,45000 	0,01366 	-0,22466 
82,50000 	0,04394 	0,17992 
82,55000 	0,08093 	0,73111 
82,60000 	0,13809 	1,38407 
82,65000 	0,21624 	2,07769 
82,70000 	0,29354 	2,72485 
82,75000 	0,30348 	3,14303 
82,80000 	0,29661 	3,32874 
82,85000 	0,25472 	3,33141 
82,90000 	0,18206 	3,27872 
82,95000 	0,11472 	3,19380 
83,00000 	0,05605 	3,05490 
83,05000 	0,00709 	2,83483 
83,10000 	-0,02966 	2,50254 
83,15000 	-0,05996 	2,02285 
83,20000 	-0,10681 	1,41369 
83,25000 	-0,17421 	0,73237 
83,30000 	-0,26070 	0,04290 
83,35000 	-0,30375 	-0,50523 
83,40000 	-0,29935 	-0,80360 
83,45000 	-0,28304 	-0,88479 
83,50000 	-0,21808 	-0,84873 
83,55000 	-0,14695 	-0,78221 
83,60000 	-0,08417 	-0,67359 
83,65000 	-0,03004 	-0,49703 
83,70000 	0,01345 	-0,22480 
83,75000 	0,04405 	0,17924 
83,80000 	0,08069 	0,73025 
83,85000 	0,13787 	1,38271 
83,90000 	0,21599 	2,07702 
83,95000 	0,29364 	2,72415 
84,00000 	0,30306 	3,14239 
84,05000 	0,29693 	3,32882 
84,10000 	0,25422 	3,33117 
84,15000 	0,18209 	3,27853 
84,20000 	0,11471 	3,19383 
84,25000 	0,05630 	3,05509 
84,30000 	0,00690 	2,83480 
84,35000 	-0,02992 	2,50240 
84,40000 	-0,05992 	2,02354 
84,45000 	-0,10657 	1,41448 
84,50000 	-0,17413 	0,73360 
84,55000 	-0,26071 	0,04354 
84,60000 	-0,30360 	-0,50462 
84,65000 	-0,29926 	-0,80322 
84,70000 	-0,28316 	-0,88443 
84,75000 	-0,21818 	-0,84896 
84,80000 	-0,14720 	-0,78223 
84,85000 	-0,08401 	-0,67373 
84,90000 	-0,03024 	-0,49732 
84,95000 	0,01339 	-0,22542 
85,00000 	0,04381 	0,17840 
85,05000 	0,08064 	0,72935 
85,10000 	0,13802 	1,38233 
85,15000 	0,21606 	2,07602 
85,20000 	0,29362 	2,72348 
85,25000 	0,30110 	3,14027 
85,30000 	0,28646 	3,31752 
85,35000 	0,23395 	3,31041 
85,40000 	0,15474 	3,24354 
85,45000 	0,08406 	3,12907 
85,50000 	0,02551 	2,93540 
85,55000 	-0,02028 	2,62697 
85,60000 	-0,05307 	2,16089 
85,65000 	-0,10060 	1,53652 
85,70000 	-0,17268 	0,81835 
85,75000 	-0,25924 	0,09113 
85,80000 	-0,27974 	-0,43359 
85,85000 	-0,25850 	-0,70981 
85,90000 	-0,22717 	-0,79345 
85,95000 	-0,16107 	-0,74848 
86,00000 	-0,08965 	-0,64555 
86,05000 	-0,02981 	-0,46649 
86,10000 	0,01754 	-0,17570 
86,15000 	0,04988 	0,27002 
86,20000 	0,09483 	0,87808 
86,25000 	0,16437 	1,58755 
86,30000 	0,25334 	2,31800 
86,35000 	0,28215 	2,86936 
86,40000 	0,26407 	3,16505 
86,45000 	0,23480 	3,26167 
86,50000 	0,17031 	3,22179 
86,55000 	0,09744 	3,12484 
86,60000 	0,03643 	2,95572 
86,65000 	-0,01262 	2,67949 
86,70000 	-0,04597 	2,25297 
86,75000 	-0,08846 	1,66082 
86,80000 	-0,15512 	0,95927 
86,85000 	-0,24419 	0,22400 
86,90000 	-0,28212 	-0,35834 
86,95000 	-0,26601 	-0,67888 
87,00000 	-0,23851 	-0,79684 
87,05000 	-0,17857 	-0,76759 
87,10000 	-0,10478 	-0,67658 
87,15000 	-0,04246 	-0,51714 
87,20000 	0,00822 	-0,25399 
87,25000 	0,04244 	0,15387 
87,30000 	0,08261 	0,72982 
87,35000 	0,14646 	1,42314 
87,40000 	0,23510 	2,15965 
87,45000 	0,28234 	2,77062 
87,50000 	0,26970 	3,11596 
87,55000 	0,24330 	3,25500 
87,60000 	0,18712 	3,23552 
87,65000 	0,11266 	3,15036 
87,70000 	0,04911 	3,00025 
87,75000 	-0,00312 	2,75132 
87,80000 	-0,03900 	2,36224 
87,85000 	-0,07694 	1,80426 
87,90000 	-0,13806 	1,12055 
87,95000 	-0,22436 	0,38413 
88,00000 	-0,28093 	-0,25431 
88,05000 	-0,27165 	-0,62655 
88,10000 	-0,24588 	-0,78741 
88,15000 	-0,19500 	-0,78089 
88,20000 	-0,12043 	-0,70170 
88,25000 	-0,05535 	-0,56050 
88,30000 	-0,00211 	-0,32371 
88,35000 	0,03571 	0,04780 
88,40000 	0,07175 	0,58850 
88,45000 	0,12995 	1,26167 
88,50000 	0,21384 	1,99598 
88,55000 	0,27993 	2,65872 
88,60000 	0,27524 	3,05830 
88,65000 	0,24986 	3,24042 
88,70000 	0,20357 	3,24717 
88,75000 	0,12886 	3,17358 
88,80000 	0,06251 	3,04082 
88,85000 	0,00733 	2,81696 
88,90000 	-0,03219 	2,46347 
88,95000 	-0,06662 	1,94180 
89,00000 	-0,12223 	1,27999 
89,05000 	-0,20310 	0,54901 
89,10000 	-0,27653 	-0,13490 
89,15000 	-0,27646 	-0,56378 
89,20000 	-0,25205 	-0,76865 
89,25000 	-0,21041 	-0,79133 
89,30000 	-0,13659 	-0,72384 
89,35000 	-0,06886 	-0,59888 
89,40000 	-0,01253 	-0,38614 
89,45000 	0,02868 	-0,04930 
89,50000 	0,06219 	0,45400 
89,55000 	0,11495 	1,10386 
89,60000 	0,19318 	1,83054 
89,65000 	0,27284 	2,53119 
89,70000 	0,27875 	2,98972 
89,75000 	0,25558 	3,21642 
89,80000 	0,21816 	3,25597 
89,85000 	0,14531 	3,19398 
89,90000 	0,07626 	3,07698 
89,95000 	0,01856 	2,87626 
90,00000 	-0,02464 	2,55589 
90,05000 	-0,05759 	2,07250 
90,10000 	-0,10752 	1,43617 
90,15000 	-0,18277 	0,71424 
90,20000 	-0,26678 	-0,00001 
90,25000 	-0,27986 	-0,49019 
90,30000 	-0,25789 	-0,74028 
90,35000 	-0,22420 	-0,79818 
90,40000 	-0,15346 	-0,74339 
90,45000 	-0,08306 	-0,63321 
90,50000 	-0,02437 	-0,44317 
90,55000 	0,02099 	-0,13776 
90,60000 	0,05373 	0,32680 
90,65000 	0,10089 	0,94941 
