0,00000 	0,22593 	-0,12951 
0,02000 	0,23278 	-0,11035 
0,04000 	0,23907 	-0,09417 
0,06000 	0,24541 	-0,08166 
0,08000 	0,25103 	-0,07112 
0,10000 	0,25653 	-0,06309 
0,12000 	0,26157 	-0,05678 
0,14000 	0,26644 	-0,05242 
0,16000 	0,27061 	-0,04806 
0,18000 	0,27484 	-0,04557 
0,20000 	0,27952 	-0,04302 
0,22000 	0,28436 	-0,04106 
0,24000 	0,28833 	-0,03915 
0,26000 	0,29271 	-0,03813 
0,28000 	0,29706 	-0,03660 
0,30000 	0,30114 	-0,03540 
0,32000 	0,30526 	-0,03387 
0,34000 	0,30936 	-0,03387 
0,36000 	0,31366 	-0,03262 
0,38000 	0,31814 	-0,03191 
0,40000 	0,32237 	-0,03115 
0,42000 	0,32655 	-0,02931 
0,44000 	0,33034 	-0,02959 
0,46000 	0,33469 	-0,02903 
0,48000 	0,33907 	-0,02763 
0,50000 	0,34297 	-0,02720 
0,52000 	0,34752 	-0,02694 
0,54000 	0,35132 	-0,02638 
0,56000 	0,35562 	-0,02503 
0,58000 	0,35979 	-0,02465 
0,60000 	0,36364 	-0,02516 
0,62000 	0,36807 	-0,02399 
0,64000 	0,37212 	-0,02312 
0,66000 	0,37650 	-0,02287 
0,68000 	0,38044 	-0,02243 
0,70000 	0,38477 	-0,02233 
0,72000 	0,38882 	-0,02187 
0,74000 	0,39287 	-0,02144 
0,76000 	0,39717 	-0,02098 
0,78000 	0,40134 	-0,02065 
0,80000 	0,40544 	-0,02027 
0,82000 	0,40967 	-0,01966 
0,84000 	0,41349 	-0,01917 
0,86000 	0,41792 	-0,01912 
0,88000 	0,42161 	-0,01869 
0,90000 	0,42632 	-0,01818 
0,92000 	0,42993 	-0,01810 
0,94000 	0,43426 	-0,01749 
0,96000 	0,43836 	-0,01729 
0,98000 	0,44249 	-0,01678 
1,00000 	0,44651 	-0,01759 
1,02000 	0,45061 	-0,01703 
1,04000 	0,45488 	-0,01617 
1,06000 	0,45868 	-0,01668 
1,08000 	0,46344 	-0,01579 
1,10000 	0,46716 	-0,01579 
1,12000 	0,47133 	-0,01589 
1,14000 	0,47512 	-0,01548 
1,16000 	0,47950 	-0,01533 
1,18000 	0,48370 	-0,01512 
1,20000 	0,48745 	-0,01505 
1,22000 	0,49188 	-0,01456 
1,24000 	0,49595 	-0,01410 
1,26000 	0,49984 	-0,01444 
1,28000 	0,50389 	-0,01451 
1,30000 	0,50748 	-0,00626 
1,32000 	0,50562 	0,00559 
1,34000 	0,50140 	0,00630 
1,36000 	0,49704 	0,00668 
1,38000 	0,49320 	0,00696 
1,40000 	0,48892 	0,00651 
1,42000 	0,48521 	0,00729 
1,44000 	0,48078 	0,00714 
1,46000 	0,47675 	0,00681 
1,48000 	0,47278 	0,00691 
1,50000 	0,46881 	0,00699 
1,52000 	0,46484 	0,00750 
1,54000 	0,46066 	0,00712 
1,56000 	0,45634 	0,00742 
1,58000 	0,45259 	0,00773 
1,60000 	0,44852 	0,00765 
1,62000 	0,44442 	0,00773 
1,64000 	0,44091 	0,00793 
1,66000 	0,43610 	0,00778 
1,68000 	0,43248 	0,00796 
1,70000 	0,42787 	0,00806 
1,72000 	0,42410 	0,00770 
1,74000 	0,42031 	0,00847 
1,76000 	0,41586 	0,00783 
1,78000 	0,41219 	0,00834 
1,80000 	0,40768 	0,00834 
1,82000 	0,40374 	0,00847 
1,84000 	0,39974 	0,00890 
1,86000 	0,39541 	0,00852 
1,88000 	0,39136 	0,00831 
1,90000 	0,38767 	0,00933 
1,92000 	0,38337 	0,00943 
1,94000 	0,37930 	0,00931 
1,96000 	0,37525 	0,00923 
1,98000 	0,37140 	0,00979 
2,00000 	0,36761 	0,00982 
2,02000 	0,36285 	0,00915 
2,04000 	0,35883 	0,00964 
2,06000 	0,35506 	0,00956 
2,08000 	0,35078 	0,00984 
2,10000 	0,34686 	0,01061 
2,12000 	0,34269 	0,01056 
2,14000 	0,33882 	0,01028 
2,16000 	0,33477 	0,01076 
2,18000 	0,33070 	0,01127 
2,20000 	0,32677 	0,01081 
2,22000 	0,32285 	0,01140 
2,24000 	0,31883 	0,01188 
2,26000 	0,31443 	0,01132 
2,28000 	0,31079 	0,01242 
2,30000 	0,30656 	0,01257 
2,32000 	0,30259 	0,01226 
2,34000 	0,29854 	0,01275 
2,36000 	0,29429 	0,01328 
2,38000 	0,29006 	0,01318 
2,40000 	0,28657 	0,01331 
2,42000 	0,28260 	0,01410 
2,44000 	0,27835 	0,01405 
2,46000 	0,27448 	0,01517 
2,48000 	0,27033 	0,01481 
2,50000 	0,26679 	0,01445 
2,52000 	0,26269 	0,01552 
2,54000 	0,25832 	0,01545 
2,56000 	0,25462 	0,01580 
2,58000 	0,25075 	0,01664 
2,60000 	0,24655 	0,01698 
2,62000 	0,24235 	0,01698 
2,64000 	0,23838 	0,01738 
2,66000 	0,23471 	0,01878 
2,68000 	0,23026 	0,01866 
2,70000 	0,22682 	0,01853 
2,72000 	0,22232 	0,01934 
2,74000 	0,21837 	0,02041 
2,76000 	0,21450 	0,02080 
2,78000 	0,21048 	0,02067 
2,80000 	0,20666 	0,02174 
2,82000 	0,20276 	0,02291 
2,84000 	0,19866 	0,02319 
2,86000 	0,19467 	0,02388 
2,88000 	0,19067 	0,02441 
2,90000 	0,18660 	0,02464 
2,92000 	0,18263 	0,02574 
2,94000 	0,17893 	0,02734 
2,96000 	0,17504 	0,02824 
2,98000 	0,17074 	0,02849 
3,00000 	0,16699 	0,02931 
3,02000 	0,16323 	0,03086 
3,04000 	0,15869 	0,03137 
3,06000 	0,15498 	0,03269 
3,08000 	0,15121 	0,03404 
3,10000 	0,14764 	0,03499 
3,12000 	0,14372 	0,03621 
3,14000 	0,13937 	0,03736 
3,16000 	0,13591 	0,03893 
3,18000 	0,13176 	0,03985 
3,20000 	0,12807 	0,04176 
3,22000 	0,12438 	0,04390 
3,24000 	0,12051 	0,04507 
3,26000 	0,11664 	0,04663 
3,28000 	0,11266 	0,04854 
3,30000 	0,10877 	0,05009 
3,32000 	0,10498 	0,05205 
3,34000 	0,10131 	0,05478 
3,36000 	0,09731 	0,05646 
3,38000 	0,09390 	0,05916 
3,40000 	0,09036 	0,06148 
3,42000 	0,08659 	0,06359 
3,44000 	0,08290 	0,06703 
3,46000 	0,07964 	0,06963 
3,48000 	0,07570 	0,07180 
3,50000 	0,07213 	0,07549 
3,52000 	0,06844 	0,07842 
3,54000 	0,06511 	0,08143 
3,56000 	0,06126 	0,08446 
3,58000 	0,05818 	0,08879 
3,60000 	0,05436 	0,09243 
3,62000 	0,05077 	0,09618 
3,64000 	0,04726 	0,10033 
3,66000 	0,04405 	0,10438 
3,68000 	0,04069 	0,10894 
3,70000 	0,03723 	0,11330 
3,72000 	0,03397 	0,11801 
3,74000 	0,03053 	0,12242 
3,76000 	0,02763 	0,12761 
3,78000 	0,02419 	0,13340 
3,80000 	0,02088 	0,13852 
3,82000 	0,01745 	0,14389 
3,84000 	0,01404 	0,14919 
3,86000 	0,01157 	0,15620 
3,88000 	0,00818 	0,16257 
3,90000 	0,00477 	0,16924 
3,92000 	0,00189 	0,17507 
3,94000 	-0,00104 	0,18246 
3,96000 	-0,00412 	0,19000 
3,98000 	-0,00669 	0,19772 
4,00000 	-0,00962 	0,20536 
4,02000 	-0,01237 	0,21382 
4,04000 	-0,01514 	0,22360 
4,06000 	-0,01730 	0,23354 
4,08000 	-0,02031 	0,24340 
4,10000 	-0,02247 	0,25496 
4,12000 	-0,02464 	0,26798 
4,14000 	-0,02652 	0,28118 
4,16000 	-0,02879 	0,29483 
4,18000 	-0,02980 	0,30976 
4,20000 	-0,03227 	0,32372 
4,22000 	-0,03383 	0,33781 
4,24000 	-0,03597 	0,35106 
4,26000 	-0,03816 	0,36390 
4,28000 	-0,04037 	0,37702 
4,30000 	-0,04233 	0,38820 
4,32000 	-0,04493 	0,39926 
4,34000 	-0,04760 	0,40922 
4,36000 	-0,04994 	0,41862 
4,38000 	-0,05269 	0,42621 
4,40000 	-0,05577 	0,43413 
4,42000 	-0,05855 	0,44058 
4,44000 	-0,06224 	0,44491 
4,46000 	-0,06593 	0,44931 
4,48000 	-0,06932 	0,45321 
4,50000 	-0,07288 	0,45586 
4,52000 	-0,07695 	0,45691 
4,54000 	-0,08047 	0,45800 
4,56000 	-0,08500 	0,45731 
4,58000 	-0,08879 	0,45721 
4,60000 	-0,09297 	0,45550 
4,62000 	-0,09747 	0,45250 
4,64000 	-0,10246 	0,44835 
4,66000 	-0,10751 	0,44437 
4,68000 	-0,11237 	0,43831 
4,70000 	-0,11754 	0,43219 
4,72000 	-0,12230 	0,42496 
4,74000 	-0,12764 	0,41701 
4,76000 	-0,13342 	0,40713 
4,78000 	-0,13900 	0,39607 
4,80000 	-0,14534 	0,38316 
4,82000 	-0,15178 	0,36774 
4,84000 	-0,15832 	0,34978 
4,86000 	-0,16596 	0,32767 
4,88000 	-0,17434 	0,30087 
4,90000 	-0,18248 	0,27229 
4,92000 	-0,19149 	0,24156 
4,94000 	-0,20023 	0,21161 
4,96000 	-0,20909 	0,18208 
4,98000 	-0,21741 	0,15528 
5,00000 	-0,22490 	0,13202 
5,02000 	-0,23233 	0,11098 
5,04000 	-0,23903 	0,09498 
5,06000 	-0,24458 	0,08168 
5,08000 	-0,25030 	0,07086 
5,10000 	-0,25570 	0,06268 
5,12000 	-0,26085 	0,05611 
5,14000 	-0,26553 	0,05126 
5,16000 	-0,27006 	0,04811 
5,18000 	-0,27477 	0,04423 
5,20000 	-0,27928 	0,04179 
5,22000 	-0,28355 	0,04036 
5,24000 	-0,28806 	0,03827 
5,26000 	-0,29208 	0,03728 
5,28000 	-0,29667 	0,03603 
5,30000 	-0,30046 	0,03460 
5,32000 	-0,30474 	0,03404 
5,34000 	-0,30906 	0,03249 
5,36000 	-0,31357 	0,03173 
5,38000 	-0,31762 	0,03111 
5,40000 	-0,32121 	0,03007 
5,42000 	-0,32571 	0,02999 
5,44000 	-0,33004 	0,02836 
5,46000 	-0,33450 	0,02821 
5,48000 	-0,33855 	0,02691 
5,50000 	-0,34323 	0,02627 
5,52000 	-0,34743 	0,02551 
5,54000 	-0,35133 	0,02543 
5,56000 	-0,35522 	0,02446 
5,58000 	-0,35940 	0,02418 
5,60000 	-0,36352 	0,02370 
5,62000 	-0,36765 	0,02345 
5,64000 	-0,37164 	0,02278 
5,66000 	-0,37536 	0,02184 
5,68000 	-0,37992 	0,02161 
5,70000 	-0,38470 	0,02123 
5,72000 	-0,38819 	0,02085 
5,74000 	-0,39252 	0,02090 
5,76000 	-0,39690 	0,01996 
5,78000 	-0,40107 	0,01990 
5,80000 	-0,40499 	0,01945 
5,82000 	-0,40930 	0,01850 
5,84000 	-0,41337 	0,01919 
5,86000 	-0,41744 	0,01866 
5,88000 	-0,42144 	0,01802 
5,90000 	-0,42584 	0,01731 
5,92000 	-0,42946 	0,01789 
5,94000 	-0,43384 	0,01713 
5,96000 	-0,43824 	0,01654 
5,98000 	-0,44216 	0,01677 
6,00000 	-0,44608 	0,01667 
6,02000 	-0,45044 	0,01644 
6,04000 	-0,45431 	0,01619 
6,06000 	-0,45859 	0,01555 
6,08000 	-0,46225 	0,01608 
6,10000 	-0,46676 	0,01540 
6,12000 	-0,47093 	0,01540 
6,14000 	-0,47468 	0,01529 
6,16000 	-0,47895 	0,01519 
6,18000 	-0,48320 	0,01456 
6,20000 	-0,48738 	0,01415 
6,22000 	-0,49127 	0,01427 
6,24000 	-0,49537 	0,01425 
6,26000 	-0,49940 	0,01379 
6,28000 	-0,50365 	0,01387 
6,30000 	-0,50670 	0,00653 
6,32000 	-0,50449 	-0,00534 
6,34000 	-0,50085 	-0,00672 
6,36000 	-0,49693 	-0,00667 
6,38000 	-0,49308 	-0,00740 
6,40000 	-0,48893 	-0,00710 
6,42000 	-0,48473 	-0,00718 
6,44000 	-0,48089 	-0,00733 
6,46000 	-0,47681 	-0,00763 
6,48000 	-0,47243 	-0,00751 
6,50000 	-0,46844 	-0,00728 
6,52000 	-0,46442 	-0,00804 
6,54000 	-0,45999 	-0,00781 
6,56000 	-0,45609 	-0,00768 
6,58000 	-0,45222 	-0,00789 
6,60000 	-0,44799 	-0,00748 
6,62000 	-0,44387 	-0,00761 
6,64000 	-0,43992 	-0,00779 
6,66000 	-0,43560 	-0,00784 
6,68000 	-0,43201 	-0,00845 
6,70000 	-0,42783 	-0,00840 
6,72000 	-0,42391 	-0,00858 
6,74000 	-0,41971 	-0,00855 
6,76000 	-0,41581 	-0,00873 
6,78000 	-0,41138 	-0,00863 
6,80000 	-0,40729 	-0,00883 
6,82000 	-0,40301 	-0,00847 
6,84000 	-0,39977 	-0,00926 
6,86000 	-0,39519 	-0,00875 
6,88000 	-0,39117 	-0,00911 
6,90000 	-0,38773 	-0,00954 
6,92000 	-0,38269 	-0,00965 
6,94000 	-0,37933 	-0,01016 
6,96000 	-0,37523 	-0,00990 
6,98000 	-0,37073 	-0,00939 
7,00000 	-0,36678 	-0,00949 
7,02000 	-0,36276 	-0,01028 
7,04000 	-0,35884 	-0,01049 
7,06000 	-0,35448 	-0,00967 
7,08000 	-0,35094 	-0,01079 
7,10000 	-0,34664 	-0,01097 
7,12000 	-0,34249 	-0,01092 
7,14000 	-0,33832 	-0,01095 
7,16000 	-0,33440 	-0,01145 
7,18000 	-0,33045 	-0,01156 
7,20000 	-0,32643 	-0,01153 
7,22000 	-0,32240 	-0,01202 
7,24000 	-0,31828 	-0,01168 
7,26000 	-0,31436 	-0,01224 
7,28000 	-0,31029 	-0,01204 
7,30000 	-0,30639 	-0,01263 
7,32000 	-0,30234 	-0,01301 
7,34000 	-0,29812 	-0,01314 
7,36000 	-0,29384 	-0,01321 
7,38000 	-0,29000 	-0,01342 
7,40000 	-0,28582 	-0,01398 
7,42000 	-0,28177 	-0,01466 
7,44000 	-0,27816 	-0,01410 
7,46000 	-0,27383 	-0,01454 
7,48000 	-0,26981 	-0,01512 
7,50000 	-0,26571 	-0,01520 
7,52000 	-0,26212 	-0,01594 
7,54000 	-0,25761 	-0,01596 
7,56000 	-0,25379 	-0,01624 
7,58000 	-0,24990 	-0,01686 
7,60000 	-0,24633 	-0,01734 
7,62000 	-0,24216 	-0,01785 
7,64000 	-0,23763 	-0,01828 
7,66000 	-0,23399 	-0,01828 
7,68000 	-0,23007 	-0,01894 
7,70000 	-0,22574 	-0,01935 
7,72000 	-0,22171 	-0,01989 
7,74000 	-0,21818 	-0,02047 
7,76000 	-0,21405 	-0,02078 
7,78000 	-0,20977 	-0,02111 
7,80000 	-0,20590 	-0,02193 
7,82000 	-0,20221 	-0,02289 
7,84000 	-0,19847 	-0,02404 
7,86000 	-0,19417 	-0,02440 
7,88000 	-0,19017 	-0,02488 
7,90000 	-0,18658 	-0,02580 
7,92000 	-0,18213 	-0,02643 
7,94000 	-0,17851 	-0,02740 
7,96000 	-0,17431 	-0,02801 
7,98000 	-0,17026 	-0,02855 
8,00000 	-0,16657 	-0,02964 
8,02000 	-0,16283 	-0,03071 
8,04000 	-0,15888 	-0,03268 
8,06000 	-0,15463 	-0,03313 
8,08000 	-0,15081 	-0,03367 
8,10000 	-0,14687 	-0,03538 
8,12000 	-0,14325 	-0,03652 
8,14000 	-0,13928 	-0,03825 
8,16000 	-0,13551 	-0,03968 
8,18000 	-0,13174 	-0,04027 
8,20000 	-0,12754 	-0,04218 
8,22000 	-0,12423 	-0,04452 
8,24000 	-0,11998 	-0,04580 
8,26000 	-0,11637 	-0,04730 
8,28000 	-0,11255 	-0,04911 
8,30000 	-0,10868 	-0,05089 
8,32000 	-0,10463 	-0,05290 
8,34000 	-0,10124 	-0,05558 
8,36000 	-0,09707 	-0,05700 
8,38000 	-0,09355 	-0,05965 
8,40000 	-0,09019 	-0,06200 
8,42000 	-0,08660 	-0,06439 
8,44000 	-0,08266 	-0,06732 
8,46000 	-0,07897 	-0,07023 
8,48000 	-0,07527 	-0,07265 
8,50000 	-0,07179 	-0,07593 
8,52000 	-0,06837 	-0,07879 
8,54000 	-0,06435 	-0,08215 
8,56000 	-0,06076 	-0,08630 
8,58000 	-0,05740 	-0,08880 
8,60000 	-0,05412 	-0,09277 
8,62000 	-0,05066 	-0,09672 
8,64000 	-0,04717 	-0,10092 
8,66000 	-0,04340 	-0,10459 
8,68000 	-0,04022 	-0,10869 
8,70000 	-0,03709 	-0,11399 
8,72000 	-0,03416 	-0,11919 
8,74000 	-0,03039 	-0,12334 
8,76000 	-0,02683 	-0,12828 
8,78000 	-0,02352 	-0,13330 
8,80000 	-0,02066 	-0,13967 
8,82000 	-0,01677 	-0,14444 
8,84000 	-0,01387 	-0,15073 
8,86000 	-0,01104 	-0,15699 
8,88000 	-0,00732 	-0,16257 
8,90000 	-0,00511 	-0,16943 
8,92000 	-0,00180 	-0,17546 
8,94000 	0,00141 	-0,18364 
8,96000 	0,00444 	-0,19044 
8,98000 	0,00688 	-0,19834 
9,00000 	0,01009 	-0,20637 
9,02000 	0,01258 	-0,21546 
9,04000 	0,01533 	-0,22430 
9,06000 	0,01796 	-0,23385 
9,08000 	0,02038 	-0,24486 
9,10000 	0,02282 	-0,25627 
9,12000 	0,02478 	-0,26901 
9,14000 	0,02697 	-0,28200 
9,16000 	0,02867 	-0,29624 
9,18000 	0,03074 	-0,31092 
9,20000 	0,03198 	-0,32544 
9,22000 	0,03433 	-0,33980 
9,24000 	0,03613 	-0,35247 
9,26000 	0,03835 	-0,36566 
9,28000 	0,04095 	-0,37814 
9,30000 	0,04306 	-0,38938 
9,32000 	0,04527 	-0,40015 
9,34000 	0,04759 	-0,40950 
9,36000 	0,05021 	-0,41908 
9,38000 	0,05327 	-0,42759 
9,40000 	0,05671 	-0,43444 
9,42000 	0,05940 	-0,43979 
9,44000 	0,06264 	-0,44550 
9,46000 	0,06595 	-0,45070 
9,48000 	0,06946 	-0,45373 
9,50000 	0,07300 	-0,45658 
9,52000 	0,07720 	-0,45752 
9,54000 	0,08059 	-0,45775 
9,56000 	0,08519 	-0,45778 
9,58000 	0,08950 	-0,45696 
9,60000 	0,09372 	-0,45482 
9,62000 	0,09841 	-0,45164 
9,64000 	0,10319 	-0,44820 
9,66000 	0,10788 	-0,44339 
9,68000 	0,11228 	-0,43821 
9,70000 	0,11750 	-0,43164 
9,72000 	0,12303 	-0,42428 
9,74000 	0,12853 	-0,41544 
9,76000 	0,13380 	-0,40606 
9,78000 	0,13980 	-0,39447 
9,80000 	0,14589 	-0,38163 
9,82000 	0,15218 	-0,36691 
9,84000 	0,15925 	-0,34755 
9,86000 	0,16692 	-0,32485 
9,88000 	0,17489 	-0,29866 
9,90000 	0,18344 	-0,26937 
9,92000 	0,19250 	-0,23857 
9,94000 	0,20108 	-0,20784 
9,96000 	0,21007 	-0,17934 
9,98000 	0,21776 	-0,15271 
10,00000 	0,22560 	-0,12935 
10,02000 	0,23237 	-0,11066 
10,04000 	0,23917 	-0,09410 
10,06000 	0,24520 	-0,08059 
10,08000 	0,25098 	-0,07025 
10,10000 	0,25628 	-0,06241 
10,12000 	0,26142 	-0,05586 
10,14000 	0,26611 	-0,05188 
10,16000 	0,27089 	-0,04778 
10,18000 	0,27512 	-0,04437 
10,20000 	0,27957 	-0,04243 
10,22000 	0,28416 	-0,04039 
10,24000 	0,28810 	-0,03917 
10,26000 	0,29268 	-0,03718 
10,28000 	0,29694 	-0,03611 
10,30000 	0,30114 	-0,03548 
10,32000 	0,30549 	-0,03410 
10,34000 	0,30946 	-0,03296 
10,36000 	0,31343 	-0,03212 
10,38000 	0,31784 	-0,03166 
10,40000 	0,32204 	-0,03074 
10,42000 	0,32599 	-0,03003 
10,44000 	0,33062 	-0,02916 
10,46000 	0,33484 	-0,02845 
10,48000 	0,33879 	-0,02776 
10,50000 	0,34294 	-0,02712 
10,52000 	0,34740 	-0,02654 
10,54000 	0,35139 	-0,02633 
10,56000 	0,35534 	-0,02526 
10,58000 	0,35990 	-0,02437 
10,60000 	0,36389 	-0,02391 
10,62000 	0,36835 	-0,02310 
10,64000 	0,37242 	-0,02289 
10,66000 	0,37619 	-0,02277 
10,68000 	0,38067 	-0,02198 
10,70000 	0,38441 	-0,02213 
10,72000 	0,38910 	-0,02144 
10,74000 	0,39274 	-0,02134 
10,76000 	0,39689 	-0,02098 
10,78000 	0,40119 	-0,02022 
10,80000 	0,40532 	-0,02001 
10,82000 	0,40921 	-0,01951 
10,84000 	0,41359 	-0,01928 
10,86000 	0,41759 	-0,01925 
10,88000 	0,42158 	-0,01833 
10,90000 	0,42589 	-0,01849 
10,92000 	0,42988 	-0,01808 
10,94000 	0,43424 	-0,01795 
10,96000 	0,43834 	-0,01759 
10,98000 	0,44221 	-0,01708 
11,00000 	0,44623 	-0,01719 
11,02000 	0,45094 	-0,01698 
11,04000 	0,45437 	-0,01675 
11,06000 	0,45850 	-0,01660 
11,08000 	0,46313 	-0,01545 
11,10000 	0,46700 	-0,01571 
11,12000 	0,47125 	-0,01530 
11,14000 	0,47510 	-0,01517 
11,16000 	0,47920 	-0,01538 
11,18000 	0,48304 	-0,01556 
11,20000 	0,48742 	-0,01538 
11,22000 	0,49180 	-0,01423 
11,24000 	0,49554 	-0,01474 
11,26000 	0,49990 	-0,01388 
11,28000 	0,50392 	-0,01382 
11,30000 	0,50743 	-0,00695 
11,32000 	0,50509 	0,00424 
11,34000 	0,50152 	0,00663 
11,36000 	0,49778 	0,00699 
11,38000 	0,49292 	0,00620 
11,40000 	0,48936 	0,00709 
11,42000 	0,48503 	0,00686 
11,44000 	0,48090 	0,00699 
11,46000 	0,47719 	0,00691 
11,48000 	0,47283 	0,00689 
11,50000 	0,46904 	0,00724 
11,52000 	0,46471 	0,00727 
11,54000 	0,46099 	0,00742 
11,56000 	0,45664 	0,00750 
11,58000 	0,45236 	0,00737 
11,60000 	0,44882 	0,00732 
11,62000 	0,44460 	0,00727 
11,64000 	0,44012 	0,00770 
11,66000 	0,43630 	0,00801 
11,68000 	0,43215 	0,00727 
11,70000 	0,42808 	0,00780 
11,72000 	0,42398 	0,00824 
11,74000 	0,42034 	0,00836 
11,76000 	0,41591 	0,00842 
11,78000 	0,41191 	0,00842 
11,80000 	0,40801 	0,00839 
11,82000 	0,40412 	0,00814 
11,84000 	0,40007 	0,00898 
11,86000 	0,39567 	0,00824 
11,88000 	0,39180 	0,00915 
11,90000 	0,38775 	0,00867 
11,92000 	0,38355 	0,00926 
11,94000 	0,37953 	0,00921 
11,96000 	0,37525 	0,00931 
11,98000 	0,37138 	0,00954 
12,00000 	0,36784 	0,00964 
12,02000 	0,36333 	0,00997 
12,04000 	0,35957 	0,00994 
12,06000 	0,35508 	0,01002 
12,08000 	0,35129 	0,01089 
12,10000 	0,34681 	0,00994 
12,12000 	0,34281 	0,01056 
12,14000 	0,33940 	0,01096 
12,16000 	0,33518 	0,01096 
12,18000 	0,33077 	0,01117 
12,20000 	0,32693 	0,01147 
12,22000 	0,32283 	0,01127 
12,24000 	0,31891 	0,01160 
12,26000 	0,31466 	0,01188 
12,28000 	0,31063 	0,01211 
12,30000 	0,30679 	0,01252 
12,32000 	0,30259 	0,01242 
12,34000 	0,29882 	0,01341 
12,36000 	0,29437 	0,01346 
12,38000 	0,29032 	0,01272 
12,40000 	0,28629 	0,01366 
12,42000 	0,28237 	0,01379 
12,44000 	0,27833 	0,01422 
12,46000 	0,27443 	0,01443 
12,48000 	0,27059 	0,01440 
12,50000 	0,26651 	0,01473 
12,52000 	0,26287 	0,01573 
12,54000 	0,25816 	0,01563 
12,56000 	0,25445 	0,01603 
12,58000 	0,25045 	0,01685 
12,60000 	0,24627 	0,01708 
12,62000 	0,24251 	0,01736 
12,64000 	0,23876 	0,01782 
12,66000 	0,23456 	0,01835 
12,68000 	0,23041 	0,01866 
12,70000 	0,22677 	0,01922 
12,72000 	0,22277 	0,01983 
12,74000 	0,21852 	0,02013 
12,76000 	0,21437 	0,02064 
12,78000 	0,21055 	0,02095 
12,80000 	0,20651 	0,02192 
12,82000 	0,20233 	0,02250 
12,84000 	0,19900 	0,02294 
12,86000 	0,19485 	0,02380 
12,88000 	0,19070 	0,02454 
12,90000 	0,18650 	0,02582 
12,92000 	0,18298 	0,02630 
12,94000 	0,17870 	0,02666 
12,96000 	0,17532 	0,02796 
12,98000 	0,17051 	0,02811 
13,00000 	0,16679 	0,02946 
13,02000 	0,16310 	0,03078 
13,04000 	0,15880 	0,03155 
13,06000 	0,15513 	0,03254 
13,08000 	0,15131 	0,03404 
13,10000 	0,14744 	0,03499 
13,12000 	0,14347 	0,03552 
13,14000 	0,13973 	0,03741 
13,16000 	0,13581 	0,03888 
13,18000 	0,13206 	0,04059 
13,20000 	0,12776 	0,04161 
13,22000 	0,12458 	0,04306 
13,24000 	0,12076 	0,04510 
13,26000 	0,11681 	0,04686 
13,28000 	0,11305 	0,04910 
13,30000 	0,10923 	0,05007 
13,32000 	0,10528 	0,05218 
13,34000 	0,10169 	0,05435 
13,36000 	0,09769 	0,05679 
13,38000 	0,09410 	0,05937 
13,40000 	0,09039 	0,06120 
13,42000 	0,08687 	0,06377 
13,44000 	0,08293 	0,06650 
13,46000 	0,07936 	0,06948 
13,48000 	0,07552 	0,07208 
13,50000 	0,07218 	0,07508 
13,52000 	0,06867 	0,07860 
13,54000 	0,06457 	0,08082 
13,56000 	0,06144 	0,08482 
13,58000 	0,05803 	0,08846 
13,60000 	0,05457 	0,09215 
13,62000 	0,05098 	0,09653 
13,64000 	0,04774 	0,10010 
13,66000 	0,04390 	0,10446 
13,68000 	0,04092 	0,10922 
13,70000 	0,03776 	0,11330 
13,72000 	0,03394 	0,11747 
13,74000 	0,03053 	0,12237 
13,76000 	0,02735 	0,12777 
13,78000 	0,02394 	0,13286 
13,80000 	0,02124 	0,13842 
13,82000 	0,01770 	0,14354 
13,84000 	0,01460 	0,14955 
13,86000 	0,01141 	0,15525 
13,88000 	0,00803 	0,16190 
13,90000 	0,00518 	0,16855 
13,92000 	0,00204 	0,17490 
13,94000 	-0,00068 	0,18226 
13,96000 	-0,00379 	0,18924 
13,98000 	-0,00682 	0,19680 
14,00000 	-0,00939 	0,20506 
14,02000 	-0,01234 	0,21375 
14,04000 	-0,01511 	0,22251 
14,06000 	-0,01738 	0,23247 
14,08000 	-0,02013 	0,24297 
14,10000 	-0,02222 	0,25468 
14,12000 	-0,02464 	0,26691 
14,14000 	-0,02639 	0,28052 
14,16000 	-0,02858 	0,29440 
14,18000 	-0,03014 	0,30918 
14,20000 	-0,03238 	0,32270 
14,22000 	-0,03370 	0,33763 
14,24000 	-0,03630 	0,35085 
14,26000 	-0,03813 	0,36362 
14,28000 	-0,04012 	0,37684 
14,30000 	-0,04202 	0,38787 
14,32000 	-0,04452 	0,39849 
14,34000 	-0,04760 	0,40848 
14,36000 	-0,04994 	0,41806 
14,38000 	-0,05272 	0,42628 
14,40000 	-0,05570 	0,43334 
14,42000 	-0,05893 	0,43928 
14,44000 	-0,06163 	0,44549 
14,46000 	-0,06550 	0,44954 
14,48000 	-0,06894 	0,45319 
14,50000 	-0,07321 	0,45533 
14,52000 	-0,07642 	0,45719 
14,54000 	-0,08044 	0,45777 
14,56000 	-0,08418 	0,45826 
14,58000 	-0,08902 	0,45698 
14,60000 	-0,09355 	0,45446 
14,62000 	-0,09760 	0,45245 
14,64000 	-0,10218 	0,44824 
14,66000 	-0,10692 	0,44437 
14,68000 	-0,11163 	0,43907 
14,70000 	-0,11698 	0,43163 
14,72000 	-0,12212 	0,42509 
14,74000 	-0,12762 	0,41673 
14,76000 	-0,13314 	0,40743 
14,78000 	-0,13859 	0,39668 
14,80000 	-0,14490 	0,38344 
14,82000 	-0,15127 	0,36851 
14,84000 	-0,15799 	0,35093 
14,86000 	-0,16545 	0,32854 
14,88000 	-0,17334 	0,30260 
14,90000 	-0,18251 	0,27346 
14,92000 	-0,19109 	0,24299 
14,94000 	-0,20007 	0,21240 
14,96000 	-0,20853 	0,18307 
14,98000 	-0,21680 	0,15592 
15,00000 	-0,22472 	0,13245 
15,02000 	-0,23192 	0,11187 
15,04000 	-0,23819 	0,09582 
15,06000 	-0,24458 	0,08229 
15,08000 	-0,24997 	0,07088 
15,10000 	-0,25529 	0,06286 
15,12000 	-0,26062 	0,05608 
15,14000 	-0,26530 	0,05155 
15,16000 	-0,26983 	0,04790 
15,18000 	-0,27472 	0,04467 
15,20000 	-0,27951 	0,04212 
15,22000 	-0,28338 	0,04044 
15,24000 	-0,28773 	0,03878 
15,26000 	-0,29208 	0,03695 
15,28000 	-0,29621 	0,03603 
15,30000 	-0,30033 	0,03494 
15,32000 	-0,30474 	0,03323 
15,34000 	-0,30884 	0,03308 
15,36000 	-0,31301 	0,03244 
15,38000 	-0,31708 	0,03127 
15,40000 	-0,32151 	0,03035 
15,42000 	-0,32592 	0,02961 
15,44000 	-0,33014 	0,02892 
15,46000 	-0,33407 	0,02803 
15,48000 	-0,33819 	0,02724 
15,50000 	-0,34275 	0,02689 
15,52000 	-0,34669 	0,02589 
15,54000 	-0,35089 	0,02541 
15,56000 	-0,35515 	0,02393 
15,58000 	-0,35901 	0,02480 
15,60000 	-0,36339 	0,02355 
15,62000 	-0,36737 	0,02350 
15,64000 	-0,37152 	0,02296 
15,66000 	-0,37574 	0,02245 
15,68000 	-0,37969 	0,02192 
15,70000 	-0,38386 	0,02194 
15,72000 	-0,38829 	0,02146 
15,74000 	-0,39242 	0,02077 
15,76000 	-0,39649 	0,02026 
15,78000 	-0,40041 	0,01985 
15,80000 	-0,40436 	0,02011 
15,82000 	-0,40912 	0,01917 
15,84000 	-0,41273 	0,01889 
15,86000 	-0,41681 	0,01833 
15,88000 	-0,42157 	0,01787 
15,90000 	-0,42551 	0,01807 
15,92000 	-0,42941 	0,01815 
15,94000 	-0,43407 	0,01713 
15,96000 	-0,43779 	0,01731 
15,98000 	-0,44188 	0,01705 
16,00000 	-0,44552 	0,01703 
16,02000 	-0,44995 	0,01659 
16,04000 	-0,45413 	0,01596 
16,06000 	-0,45825 	0,01596 
16,08000 	-0,46253 	0,01552 
16,10000 	-0,46653 	0,01580 
16,12000 	-0,47055 	0,01509 
16,14000 	-0,47506 	0,01494 
16,16000 	-0,47875 	0,01496 
16,18000 	-0,48353 	0,01450 
16,20000 	-0,48720 	0,01468 
16,22000 	-0,49115 	0,01422 
16,24000 	-0,49520 	0,01412 
16,26000 	-0,49970 	0,01361 
16,28000 	-0,50370 	0,01371 
16,30000 	-0,50650 	0,00770 
16,32000 	-0,50484 	-0,00549 
