0,00000 	0,09250 	-0,37158 
0,05000 	0,05513 	-0,42544 
0,10000 	0,02052 	-0,48595 
0,15000 	-0,01062 	-0,55330 
0,20000 	-0,03603 	-0,62822 
0,25000 	-0,05433 	-0,71254 
0,30000 	-0,06570 	-0,80867 
0,35000 	-0,07499 	-0,91740 
0,40000 	-0,08575 	-1,03911 
0,45000 	-0,10122 	-1,17307 
0,50000 	-0,12426 	-1,31748 
0,55000 	-0,16065 	-1,46937 
0,60000 	-0,21564 	-1,62540 
0,65000 	-0,29339 	-1,77834 
0,70000 	-0,39778 	-1,92249 
0,75000 	-0,54006 	-2,04942 
0,80000 	-0,71851 	-2,14817 
0,85000 	-0,90062 	-2,21334 
0,90000 	-1,04129 	-2,25000 
0,95000 	-1,13896 	-2,27043 
1,00000 	-1,21204 	-2,28405 
1,05000 	-1,27689 	-2,29504 
1,10000 	-1,33789 	-2,30450 
1,15000 	-1,39887 	-2,31291 
1,20000 	-1,45866 	-2,32112 
1,25000 	-1,51846 	-2,32831 
1,30000 	-1,57823 	-2,33546 
1,35000 	-1,63772 	-2,34176 
1,40000 	-1,69703 	-2,34796 
1,45000 	-1,75588 	-2,35342 
1,50000 	-1,81479 	-2,35912 
1,55000 	-1,87428 	-2,36441 
1,60000 	-1,93248 	-2,36923 
1,65000 	-1,99193 	-2,37401 
1,70000 	-2,04998 	-2,37837 
1,75000 	-2,10852 	-2,38251 
1,80000 	-2,16690 	-2,38660 
1,85000 	-2,22567 	-2,39034 
1,90000 	-2,28366 	-2,39402 
1,95000 	-2,34263 	-2,39746 
2,00000 	-2,40026 	-2,40077 
2,05000 	-2,45949 	-2,40407 
2,10000 	-2,51728 	-2,40708 
2,15000 	-2,57570 	-2,40989 
2,20000 	-2,63436 	-2,41291 
2,25000 	-2,69268 	-2,41526 
2,30000 	-2,75091 	-2,41818 
2,35000 	-2,80878 	-2,42048 
2,40000 	-2,86419 	-2,42279 
2,45000 	-2,84808 	-2,42217 
2,50000 	-2,79062 	-2,42003 
2,55000 	-2,73362 	-2,41736 
2,60000 	-2,67554 	-2,41513 
2,65000 	-2,61839 	-2,41240 
2,70000 	-2,56019 	-2,40970 
2,75000 	-2,50321 	-2,40688 
2,80000 	-2,44537 	-2,40393 
2,85000 	-2,38847 	-2,40122 
2,90000 	-2,33059 	-2,39794 
2,95000 	-2,27370 	-2,39467 
3,00000 	-2,21594 	-2,39123 
3,05000 	-2,15911 	-2,38786 
3,10000 	-2,10161 	-2,38421 
3,15000 	-2,04506 	-2,38044 
3,20000 	-1,98755 	-2,37621 
3,25000 	-1,93070 	-2,37193 
3,30000 	-1,87350 	-2,36790 
3,35000 	-1,81665 	-2,36300 
3,40000 	-1,75941 	-2,35837 
3,45000 	-1,70322 	-2,35352 
3,50000 	-1,64554 	-2,34780 
3,55000 	-1,58953 	-2,34284 
3,60000 	-1,53180 	-2,33688 
3,65000 	-1,47579 	-2,33097 
3,70000 	-1,41895 	-2,32468 
3,75000 	-1,36280 	-2,31746 
3,80000 	-1,30606 	-2,31027 
3,85000 	-1,25038 	-2,30258 
3,90000 	-1,19412 	-2,29435 
3,95000 	-1,13863 	-2,28573 
4,00000 	-1,08270 	-2,27653 
4,05000 	-1,02773 	-2,26691 
4,10000 	-0,97227 	-2,25621 
4,15000 	-0,91794 	-2,24483 
4,20000 	-0,86310 	-2,23281 
4,25000 	-0,80943 	-2,21948 
4,30000 	-0,75562 	-2,20526 
4,35000 	-0,70289 	-2,18990 
4,40000 	-0,64998 	-2,17305 
4,45000 	-0,59831 	-2,15456 
4,50000 	-0,54696 	-2,13463 
4,55000 	-0,49654 	-2,11261 
4,60000 	-0,44662 	-2,08896 
4,65000 	-0,39836 	-2,06298 
4,70000 	-0,34995 	-2,03398 
4,75000 	-0,30323 	-2,00239 
4,80000 	-0,25684 	-1,96787 
4,85000 	-0,21244 	-1,92996 
4,90000 	-0,16876 	-1,88838 
4,95000 	-0,12696 	-1,84285 
5,00000 	-0,08674 	-1,79282 
5,05000 	-0,04960 	-1,73744 
5,10000 	-0,01528 	-1,67653 
5,15000 	0,01468 	-1,60813 
5,20000 	0,03957 	-1,53222 
5,25000 	0,05648 	-1,44690 
5,30000 	0,06744 	-1,34937 
5,35000 	0,07632 	-1,23886 
5,40000 	0,08804 	-1,11539 
5,45000 	0,10378 	-0,97997 
5,50000 	0,12872 	-0,83437 
5,55000 	0,16678 	-0,68160 
5,60000 	0,22560 	-0,52606 
5,65000 	0,30675 	-0,37383 
5,70000 	0,41608 	-0,23186 
5,75000 	0,56232 	-0,10849 
5,80000 	0,74349 	-0,01367 
5,85000 	0,92037 	0,04752 
5,90000 	1,05505 	0,08135 
5,95000 	1,14823 	0,10094 
6,00000 	1,22061 	0,11436 
6,05000 	1,28468 	0,12530 
6,10000 	1,34612 	0,13444 
6,15000 	1,40566 	0,14304 
6,20000 	1,46646 	0,15107 
6,25000 	1,52597 	0,15857 
6,30000 	1,58628 	0,16564 
6,35000 	1,64532 	0,17223 
6,40000 	1,70457 	0,17826 
6,45000 	1,76341 	0,18400 
6,50000 	1,82294 	0,18962 
6,55000 	1,88127 	0,19490 
6,60000 	1,94018 	0,19959 
6,65000 	1,99851 	0,20422 
6,70000 	2,05784 	0,20868 
6,75000 	2,11624 	0,21297 
6,80000 	2,17534 	0,21723 
6,85000 	2,23358 	0,22093 
6,90000 	2,29214 	0,22442 
6,95000 	2,35020 	0,22803 
7,00000 	2,40850 	0,23130 
7,05000 	2,46651 	0,23457 
7,10000 	2,52524 	0,23755 
7,15000 	2,58351 	0,24064 
7,20000 	2,64240 	0,24360 
7,25000 	2,69995 	0,24616 
7,30000 	2,75853 	0,24857 
7,35000 	2,81671 	0,25129 
7,40000 	2,87343 	0,25349 
7,45000 	2,85930 	0,25288 
7,50000 	2,80199 	0,25042 
7,55000 	2,74411 	0,24830 
7,60000 	2,68707 	0,24596 
7,65000 	2,62918 	0,24314 
7,70000 	2,57156 	0,24046 
7,75000 	2,51368 	0,23781 
7,80000 	2,45676 	0,23497 
7,85000 	2,39919 	0,23214 
7,90000 	2,34211 	0,22866 
7,95000 	2,28461 	0,22565 
8,00000 	2,22763 	0,22223 
8,05000 	2,17008 	0,21875 
8,10000 	2,11328 	0,21508 
8,15000 	2,05568 	0,21154 
8,20000 	1,99864 	0,20741 
8,25000 	1,94095 	0,20314 
8,30000 	1,88427 	0,19890 
8,35000 	1,82701 	0,19428 
8,40000 	1,77036 	0,18968 
8,45000 	1,71303 	0,18461 
8,50000 	1,65637 	0,17931 
8,55000 	1,59934 	0,17356 
8,60000 	1,54244 	0,16782 
8,65000 	1,48557 	0,16182 
8,70000 	1,42911 	0,15531 
8,75000 	1,37258 	0,14864 
8,80000 	1,31696 	0,14126 
8,85000 	1,26034 	0,13386 
8,90000 	1,20474 	0,12599 
8,95000 	1,14845 	0,11721 
9,00000 	1,09324 	0,10804 
9,05000 	1,03766 	0,09834 
9,10000 	0,98279 	0,08789 
9,15000 	0,92728 	0,07648 
9,20000 	0,87310 	0,06432 
9,25000 	0,81888 	0,05135 
9,30000 	0,76554 	0,03756 
9,35000 	0,71224 	0,02218 
9,40000 	0,65987 	0,00548 
9,45000 	0,60758 	-0,01253 
9,50000 	0,55687 	-0,03218 
9,55000 	0,50588 	-0,05363 
9,60000 	0,45600 	-0,07733 
9,65000 	0,40698 	-0,10322 
9,70000 	0,35906 	-0,13152 
9,75000 	0,31138 	-0,16276 
9,80000 	0,26563 	-0,19665 
9,85000 	0,21999 	-0,23448 
9,90000 	0,17685 	-0,27474 
9,95000 	0,13414 	-0,31959 
10,00000 	0,09421 	-0,36908 
10,05000 	0,05604 	-0,42343 
10,10000 	0,02147 	-0,48366 
10,15000 	-0,00963 	-0,55047 
10,20000 	-0,03512 	-0,62515 
10,25000 	-0,05405 	-0,70963 
10,30000 	-0,06549 	-0,80513 
10,35000 	-0,07461 	-0,91346 
10,40000 	-0,08524 	-1,03478 
10,45000 	-0,10086 	-1,16853 
10,50000 	-0,12331 	-1,31247 
10,55000 	-0,15922 	-1,46402 
10,60000 	-0,21378 	-1,61982 
10,65000 	-0,29076 	-1,77301 
10,70000 	-0,39297 	-1,91637 
10,75000 	-0,53170 	-2,04276 
10,80000 	-0,70885 	-2,14320 
10,85000 	-0,89205 	-2,21014 
10,90000 	-1,03522 	-2,24760 
10,95000 	-1,13473 	-2,26891 
11,00000 	-1,20869 	-2,28277 
11,05000 	-1,27361 	-2,29355 
11,10000 	-1,33484 	-2,30298 
11,15000 	-1,39554 	-2,31159 
11,20000 	-1,45555 	-2,31972 
11,25000 	-1,51562 	-2,32725 
11,30000 	-1,57506 	-2,33430 
11,35000 	-1,63482 	-2,34095 
11,40000 	-1,69375 	-2,34662 
11,45000 	-1,75314 	-2,35237 
11,50000 	-1,81188 	-2,35805 
11,55000 	-1,87122 	-2,36333 
11,60000 	-1,92974 	-2,36822 
11,65000 	-1,98869 	-2,37298 
11,70000 	-2,04669 	-2,37705 
11,75000 	-2,10528 	-2,38118 
11,80000 	-2,16365 	-2,38551 
11,85000 	-2,22279 	-2,38923 
11,90000 	-2,28070 	-2,39289 
11,95000 	-2,33916 	-2,39622 
12,00000 	-2,39751 	-2,39981 
12,05000 	-2,45573 	-2,40297 
12,10000 	-2,51328 	-2,40608 
12,15000 	-2,57158 	-2,40891 
12,20000 	-2,63020 	-2,41186 
12,25000 	-2,68845 	-2,41432 
12,30000 	-2,74666 	-2,41700 
12,35000 	-2,80483 	-2,41954 
12,40000 	-2,86141 	-2,42184 
12,45000 	-2,85175 	-2,42140 
12,50000 	-2,79449 	-2,41930 
12,55000 	-2,73773 	-2,41684 
12,60000 	-2,67953 	-2,41427 
12,65000 	-2,62236 	-2,41156 
12,70000 	-2,56427 	-2,40924 
12,75000 	-2,50735 	-2,40626 
12,80000 	-2,44934 	-2,40349 
12,85000 	-2,39247 	-2,40055 
12,90000 	-2,33466 	-2,39734 
12,95000 	-2,27742 	-2,39400 
13,00000 	-2,22029 	-2,39089 
13,05000 	-2,16332 	-2,38737 
13,10000 	-2,10564 	-2,38368 
13,15000 	-2,04896 	-2,37980 
13,20000 	-1,99164 	-2,37580 
13,25000 	-1,93500 	-2,37145 
13,30000 	-1,87746 	-2,36718 
13,35000 	-1,82064 	-2,36265 
13,40000 	-1,76416 	-2,35817 
13,45000 	-1,70820 	-2,35292 
13,50000 	-1,65101 	-2,34757 
13,55000 	-1,59425 	-2,34217 
13,60000 	-1,53693 	-2,33680 
13,65000 	-1,48068 	-2,33063 
13,70000 	-1,42411 	-2,32427 
13,75000 	-1,36772 	-2,31734 
13,80000 	-1,31123 	-2,31007 
13,85000 	-1,25523 	-2,30233 
13,90000 	-1,19942 	-2,29452 
13,95000 	-1,14369 	-2,28572 
14,00000 	-1,08779 	-2,27655 
14,05000 	-1,03275 	-2,26700 
14,10000 	-0,97726 	-2,25631 
14,15000 	-0,92285 	-2,24505 
14,20000 	-0,86790 	-2,23288 
14,25000 	-0,81399 	-2,21993 
14,30000 	-0,76015 	-2,20551 
14,35000 	-0,70755 	-2,19040 
14,40000 	-0,65473 	-2,17378 
14,45000 	-0,60316 	-2,15571 
14,50000 	-0,55126 	-2,13558 
14,55000 	-0,50123 	-2,11405 
14,60000 	-0,45099 	-2,09054 
14,65000 	-0,40217 	-2,06442 
14,70000 	-0,34554 	-2,03080 
14,75000 	-0,27870 	-1,98434 
14,80000 	-0,20725 	-1,92551 
14,85000 	-0,13712 	-1,85455 
14,90000 	-0,07065 	-1,77103 
14,95000 	-0,01317 	-1,67293 
15,00000 	0,03332 	-1,55771 
15,05000 	0,06187 	-1,42157 
15,10000 	0,07783 	-1,26057 
15,15000 	0,09569 	-1,07222 
15,20000 	0,12728 	-0,85957 
15,25000 	0,18840 	-0,62768 
15,30000 	0,30212 	-0,38776 
15,35000 	0,50306 	-0,15788 
15,40000 	0,87196 	0,02812 
15,45000 	1,31338 	0,12958 
15,50000 	1,57505 	0,16585 
15,55000 	1,72080 	0,18152 
15,60000 	1,84487 	0,19299 
15,65000 	1,96430 	0,20326 
15,70000 	2,08412 	0,21229 
15,75000 	2,20253 	0,22034 
15,80000 	2,32122 	0,22789 
15,85000 	2,43814 	0,23425 
15,90000 	2,55665 	0,24074 
15,95000 	2,67423 	0,24654 
16,00000 	2,79149 	0,25137 
16,05000 	2,86313 	0,25470 
16,10000 	2,76957 	0,25084 
16,15000 	2,65613 	0,24597 
16,20000 	2,54169 	0,24049 
16,25000 	2,42739 	0,23504 
16,30000 	2,31420 	0,22884 
16,35000 	2,20018 	0,22216 
16,40000 	2,08716 	0,21500 
16,45000 	1,97342 	0,20716 
16,50000 	1,86097 	0,19853 
16,55000 	1,74820 	0,18913 
16,60000 	1,63625 	0,17894 
16,65000 	1,52426 	0,16756 
16,70000 	1,41335 	0,15483 
16,75000 	1,30352 	0,14141 
16,80000 	1,19445 	0,12573 
16,85000 	1,08632 	0,10840 
16,90000 	0,97972 	0,08846 
16,95000 	0,87500 	0,06646 
17,00000 	0,77283 	0,04089 
17,05000 	0,67277 	0,01145 
17,10000 	0,57691 	-0,02252 
17,15000 	0,48342 	-0,06240 
17,20000 	0,39450 	-0,10865 
17,25000 	0,30883 	-0,16267 
17,30000 	0,22811 	-0,22549 
17,35000 	0,15189 	-0,29780 
17,40000 	0,08234 	-0,38211 
17,45000 	0,02156 	-0,47957 
17,50000 	-0,02699 	-0,59368 
17,55000 	-0,05920 	-0,72758 
17,60000 	-0,07550 	-0,88624 
17,65000 	-0,09275 	-1,07165 
17,70000 	-0,12186 	-1,28219 
17,75000 	-0,17764 	-1,51068 
17,80000 	-0,28151 	-1,74884 
17,85000 	-0,46617 	-1,98220 
17,90000 	-0,81264 	-2,17746 
17,95000 	-1,26686 	-2,29042 
18,00000 	-1,55316 	-2,33198 
18,05000 	-1,70609 	-2,34781 
18,10000 	-1,83030 	-2,35986 
18,15000 	-1,95072 	-2,37004 
18,20000 	-2,06935 	-2,37893 
18,25000 	-2,18819 	-2,38727 
18,30000 	-2,30613 	-2,39450 
18,35000 	-2,42431 	-2,40119 
18,40000 	-2,54201 	-2,40778 
18,45000 	-2,66021 	-2,41342 
18,50000 	-2,77713 	-2,41837 
18,55000 	-2,85413 	-2,42150 
18,60000 	-2,76361 	-2,41814 
18,65000 	-2,64954 	-2,41322 
18,70000 	-2,53475 	-2,40790 
18,75000 	-2,42085 	-2,40203 
18,80000 	-2,30657 	-2,39576 
18,85000 	-2,19348 	-2,38926 
18,90000 	-2,07992 	-2,38219 
18,95000 	-1,96737 	-2,37426 
19,00000 	-1,85411 	-2,36568 
19,05000 	-1,74216 	-2,35631 
19,10000 	-1,63112 	-2,34626 
19,15000 	-1,52048 	-2,33531 
19,20000 	-1,40931 	-2,32242 
19,25000 	-1,29928 	-2,30879 
19,30000 	-1,19028 	-2,29318 
19,35000 	-1,08233 	-2,27589 
19,40000 	-0,97589 	-2,25603 
19,45000 	-0,87121 	-2,23391 
19,50000 	-0,76879 	-2,20833 
19,55000 	-0,66954 	-2,17882 
19,60000 	-0,57294 	-2,14462 
19,65000 	-0,47980 	-2,10454 
19,70000 	-0,39072 	-2,05845 
19,75000 	-0,30592 	-2,00441 
19,80000 	-0,22495 	-1,94146 
19,85000 	-0,14941 	-1,86833 
19,90000 	-0,07980 	-1,78428 
19,95000 	-0,01933 	-1,68592 
20,00000 	0,02928 	-1,57129 
20,05000 	0,06026 	-1,43627 
20,10000 	0,07643 	-1,27718 
20,15000 	0,09362 	-1,09062 
20,20000 	0,12379 	-0,87893 
20,25000 	0,18155 	-0,64820 
20,30000 	0,29036 	-0,40742 
20,35000 	0,48188 	-0,17546 
20,40000 	0,83686 	0,01597 
20,45000 	1,28568 	0,12491 
20,50000 	1,56210 	0,16409 
20,55000 	1,71264 	0,18077 
20,60000 	1,83644 	0,19206 
20,65000 	1,95660 	0,20250 
20,70000 	2,07500 	0,21151 
20,75000 	2,19249 	0,21959 
20,80000 	2,31110 	0,22725 
20,85000 	2,42844 	0,23377 
20,90000 	2,54619 	0,23982 
20,95000 	2,66450 	0,24597 
21,00000 	2,78144 	0,25074 
21,05000 	2,86462 	0,25462 
21,10000 	2,77833 	0,25112 
21,15000 	2,66379 	0,24621 
21,20000 	2,54922 	0,24093 
21,25000 	2,43508 	0,23529 
21,30000 	2,32157 	0,22913 
21,35000 	2,20751 	0,22253 
21,40000 	2,09441 	0,21520 
21,45000 	1,98119 	0,20760 
21,50000 	1,86804 	0,19889 
21,55000 	1,75576 	0,18981 
21,60000 	1,64358 	0,17921 
21,65000 	1,53188 	0,16853 
21,70000 	1,42059 	0,15562 
21,75000 	1,31077 	0,14200 
21,80000 	1,20176 	0,12673 
21,85000 	1,09354 	0,10959 
21,90000 	0,98678 	0,09016 
21,95000 	0,88190 	0,06805 
22,00000 	0,77929 	0,04233 
22,05000 	0,67960 	0,01342 
22,10000 	0,58270 	-0,02062 
22,15000 	0,48954 	-0,05951 
22,20000 	0,40011 	-0,10539 
22,25000 	0,31451 	-0,15891 
22,30000 	0,23321 	-0,22118 
22,35000 	0,15698 	-0,29262 
22,40000 	0,08684 	-0,37621 
22,45000 	0,02542 	-0,47263 
22,50000 	-0,02392 	-0,58417 
22,55000 	-0,05703 	-0,71499 
22,60000 	-0,07429 	-0,87136 
22,65000 	-0,09081 	-1,05479 
22,70000 	-0,11834 	-1,26323 
22,75000 	-0,17186 	-1,49246 
22,80000 	-0,27248 	-1,73283 
22,85000 	-0,45011 	-1,96763 
22,90000 	-0,78524 	-2,16717 
22,95000 	-1,27561 	-2,29149 
23,00000 	-1,64177 	-2,34134 
23,05000 	-1,86096 	-2,36267 
23,10000 	-2,04671 	-2,37746 
23,15000 	-2,22746 	-2,39015 
23,20000 	-2,40773 	-2,40075 
23,25000 	-2,62151 	-2,41177 
23,30000 	-2,81922 	-2,42087 
23,35000 	-2,68306 	-2,41525 
23,40000 	-2,45740 	-2,40454 
23,45000 	-2,23304 	-2,39254 
23,50000 	-2,01053 	-2,37786 
23,55000 	-1,78995 	-2,36117 
23,60000 	-1,57211 	-2,34103 
23,65000 	-1,35768 	-2,31682 
23,70000 	-1,14883 	-2,28744 
23,75000 	-0,94733 	-2,25112 
23,80000 	-0,75625 	-2,20536 
23,85000 	-0,57821 	-2,14710 
23,90000 	-0,41561 	-2,07288 
23,95000 	-0,26827 	-1,97766 
24,00000 	-0,13807 	-1,85764 
24,05000 	-0,02991 	-1,70798 
24,10000 	0,04554 	-1,52076 
24,15000 	0,08011 	-1,28600 
24,20000 	0,11017 	-0,99712 
24,25000 	0,18464 	-0,65895 
24,30000 	0,38099 	-0,29217 
24,35000 	0,97268 	0,04170 
24,40000 	1,96503 	0,20218 
24,45000 	2,37945 	0,23171 
24,50000 	2,62514 	0,24461 
24,55000 	2,82782 	0,25379 
24,60000 	2,69753 	0,24850 
24,65000 	2,47132 	0,23777 
24,70000 	2,24715 	0,22544 
24,75000 	2,02445 	0,21135 
24,80000 	1,80322 	0,19446 
24,85000 	1,58552 	0,17438 
24,90000 	1,37045 	0,15014 
24,95000 	1,16169 	0,12122 
25,00000 	0,95935 	0,08498 
25,05000 	0,76747 	0,03974 
25,10000 	0,58890 	-0,01739 
25,15000 	0,42493 	-0,09115 
25,20000 	0,27724 	-0,18497 
25,25000 	0,14602 	-0,30319 
25,30000 	0,03608 	-0,45110 
25,35000 	-0,04180 	-0,63630 
25,40000 	-0,07847 	-0,86729 
25,45000 	-0,10718 	-1,15325 
25,50000 	-0,17727 	-1,48899 
25,55000 	-0,36128 	-1,85540 
25,60000 	-0,91635 	-2,19475 
25,65000 	-1,92886 	-2,36663 
25,70000 	-2,36900 	-2,39904 
25,75000 	-2,61309 	-2,41172 
25,80000 	-2,81659 	-2,42103 
25,85000 	-2,69250 	-2,41564 
25,90000 	-2,46699 	-2,40524 
25,95000 	-2,24250 	-2,39301 
26,00000 	-2,02010 	-2,37879 
26,05000 	-1,79906 	-2,36178 
26,10000 	-1,58126 	-2,34219 
26,15000 	-1,36649 	-2,31811 
26,20000 	-1,15781 	-2,28899 
26,25000 	-0,95587 	-2,25299 
26,30000 	-0,76417 	-2,20765 
26,35000 	-0,58535 	-2,14979 
26,40000 	-0,42207 	-2,07631 
26,45000 	-0,27435 	-1,98217 
26,50000 	-0,14327 	-1,86328 
26,55000 	-0,03412 	-1,71491 
26,60000 	0,04306 	-1,52955 
26,65000 	0,07912 	-1,29746 
26,70000 	0,10827 	-1,01059 
26,75000 	0,17978 	-0,67417 
26,80000 	0,36809 	-0,30770 
26,85000 	0,93202 	0,02997 
26,90000 	1,93873 	0,19983 
26,95000 	2,37350 	0,23142 
27,00000 	2,61974 	0,24426 
27,05000 	2,82620 	0,25376 
27,10000 	2,70229 	0,24829 
27,15000 	2,47657 	0,23800 
27,20000 	2,25225 	0,22588 
27,25000 	2,03160 	0,21190 
27,30000 	1,81254 	0,19513 
27,35000 	1,59453 	0,17532 
27,40000 	1,37941 	0,15133 
27,45000 	1,17056 	0,12264 
27,50000 	0,96766 	0,08685 
27,55000 	0,77563 	0,04223 
27,60000 	0,59595 	-0,01468 
27,65000 	0,43171 	-0,08766 
27,70000 	0,28294 	-0,18049 
27,75000 	0,15123 	-0,29763 
27,80000 	0,04020 	-0,44396 
27,85000 	-0,03910 	-0,62716 
27,90000 	-0,07718 	-0,85626 
27,95000 	-0,10552 	-1,13973 
28,00000 	-0,17284 	-1,47364 
28,05000 	-0,34913 	-1,83941 
28,10000 	-0,87733 	-2,18229 
28,15000 	-1,89491 	-2,36358 
28,20000 	-2,35769 	-2,39838 
28,25000 	-2,60514 	-2,41129 
28,30000 	-2,81425 	-2,42072 
28,35000 	-2,66599 	-2,41458 
28,40000 	-2,38643 	-2,40098 
28,45000 	-2,10876 	-2,38461 
28,50000 	-1,83507 	-2,36453 
28,55000 	-1,54721 	-2,33859 
28,60000 	-1,24165 	-2,30126 
28,65000 	-0,95247 	-2,25181 
28,70000 	-0,68191 	-2,18280 
28,75000 	-0,42688 	-2,07844 
28,80000 	-0,20964 	-1,92888 
28,85000 	-0,03808 	-1,72298 
28,90000 	0,06308 	-1,44541 
28,95000 	0,10615 	-1,07700 
29,00000 	0,21158 	-0,60909 
29,05000 	0,71486 	-0,08240 
29,10000 	2,40033 	0,23047 
29,15000 	2,37138 	0,23266 
29,20000 	1,94004 	0,20557 
29,25000 	1,52214 	0,16782 
29,30000 	1,12736 	0,11540 
29,35000 	0,77077 	0,04011 
29,40000 	0,46690 	-0,07058 
29,45000 	0,21996 	-0,23168 
29,50000 	0,03155 	-0,45808 
29,55000 	-0,07077 	-0,76885 
29,60000 	-0,11981 	-1,18605 
29,65000 	-0,27949 	-1,70451 
29,70000 	-1,21442 	-2,23160 
29,75000 	-2,50184 	-2,40643 
29,80000 	-2,14572 	-2,38643 
29,85000 	-1,72059 	-2,35455 
29,90000 	-1,31330 	-2,31071 
29,95000 	-0,93599 	-2,24759 
30,00000 	-0,60551 	-2,15567 
30,05000 	-0,33369 	-2,02309 
30,10000 	-0,11729 	-1,83332 
30,15000 	0,03269 	-1,56771 
30,20000 	0,09373 	-1,20509 
30,25000 	0,17227 	-0,73426 
30,30000 	0,53002 	-0,18656 
30,35000 	2,13703 	0,20738 
30,40000 	2,37723 	0,23274 
30,45000 	1,94917 	0,20558 
30,50000 	1,53073 	0,16856 
30,55000 	1,13587 	0,11643 
30,60000 	0,77780 	0,04169 
30,65000 	0,47319 	-0,06810 
30,70000 	0,22472 	-0,22763 
30,75000 	0,03516 	-0,45250 
30,80000 	-0,07009 	-0,76153 
30,85000 	-0,11832 	-1,17655 
30,90000 	-0,27316 	-1,69328 
30,95000 	-1,17471 	-2,22299 
31,00000 	-2,50211 	-2,40674 
31,05000 	-2,15470 	-2,38709 
31,10000 	-1,72958 	-2,35522 
31,15000 	-1,32127 	-2,31151 
31,20000 	-0,94371 	-2,24908 
31,25000 	-0,61198 	-2,15829 
31,30000 	-0,33704 	-2,02477 
31,35000 	-0,11705 	-1,83317 
31,40000 	0,03239 	-1,56776 
31,45000 	0,09391 	-1,20594 
31,50000 	0,17181 	-0,73501 
31,55000 	0,51853 	-0,19288 
31,60000 	2,10391 	0,20387 
31,65000 	2,38645 	0,23325 
31,70000 	1,95818 	0,20638 
31,75000 	1,53945 	0,16936 
31,80000 	1,14336 	0,11763 
31,85000 	0,78512 	0,04369 
31,90000 	0,47891 	-0,06496 
31,95000 	0,22941 	-0,22365 
32,00000 	0,03820 	-0,44703 
32,05000 	-0,06836 	-0,75382 
32,10000 	-0,11703 	-1,16638 
32,15000 	-0,26651 	-1,68107 
32,20000 	-1,13574 	-2,21383 
32,25000 	-2,50023 	-2,40654 
32,30000 	-2,16439 	-2,38785 
32,35000 	-1,73839 	-2,35583 
32,40000 	-1,33025 	-2,31273 
32,45000 	-0,95099 	-2,25072 
32,50000 	-0,61880 	-2,16047 
32,55000 	-0,34187 	-2,02816 
32,60000 	-0,12181 	-1,83824 
32,65000 	0,03046 	-1,57442 
32,70000 	0,09249 	-1,21482 
32,75000 	0,16896 	-0,74610 
32,80000 	0,51229 	-0,19899 
32,85000 	2,10186 	0,20357 
32,90000 	2,39083 	0,23358 
32,95000 	1,96763 	0,20704 
33,00000 	1,54804 	0,17053 
33,05000 	1,15219 	0,11919 
33,10000 	0,79218 	0,04584 
33,15000 	0,48505 	-0,06227 
33,20000 	0,23408 	-0,21952 
33,25000 	0,04195 	-0,44125 
33,30000 	-0,06745 	-0,74622 
33,35000 	-0,11512 	-1,15630 
33,40000 	-0,26097 	-1,66935 
33,45000 	-1,09650 	-2,20432 
33,50000 	-2,49544 	-2,40612 
33,55000 	-2,13452 	-2,38581 
33,60000 	-1,66215 	-2,34886 
33,65000 	-1,21474 	-2,29644 
33,70000 	-0,80400 	-2,21610 
33,75000 	-0,44706 	-2,08716 
33,80000 	-0,16771 	-1,88748 
33,85000 	0,02564 	-1,58725 
33,90000 	0,10283 	-1,15181 
33,95000 	0,23960 	-0,56644 
34,00000 	0,92615 	0,00951 
34,05000 	1,72730 	0,18301 
34,10000 	1,31089 	0,13749 
34,15000 	0,79931 	0,04226 
34,20000 	0,39201 	-0,11539 
34,25000 	0,09169 	-0,37292 
34,30000 	-0,07260 	-0,76849 
34,35000 	-0,15607 	-1,33777 
34,40000 	-0,48937 	-1,96627 
34,45000 	-1,23155 	-2,28260 
34,50000 	-1,17114 	-2,28054 
34,55000 	-0,66125 	-2,16560 
34,60000 	-0,25665 	-1,95881 
34,65000 	0,00767 	-1,62457 
34,70000 	0,10962 	-1,12073 
34,75000 	0,28114 	-0,46854 
34,80000 	0,79949 	-0,00568 
34,85000 	1,11363 	0,09871 
34,90000 	0,70416 	0,00600 
34,95000 	0,27934 	-0,19767 
35,00000 	-0,00257 	-0,53827 
35,05000 	-0,11161 	-1,06075 
35,10000 	-0,27862 	-1,71152 
35,15000 	-0,69588 	-2,12996 
35,20000 	-0,88077 	-2,21417 
35,25000 	-0,51731 	-2,10032 
35,30000 	-0,15562 	-1,85819 
35,35000 	0,05806 	-1,46217 
35,40000 	0,14721 	-0,87156 
35,45000 	0,40668 	-0,26044 
35,50000 	0,87687 	0,03592 
35,55000 	0,80823 	0,02887 
35,60000 	0,39386 	-0,12899 
35,65000 	0,06922 	-0,41731 
35,70000 	-0,08776 	-0,87322 
35,75000 	-0,19764 	-1,51080 
35,80000 	-0,51620 	-2,02197 
35,85000 	-0,80845 	-2,18929 
35,90000 	-0,54570 	-2,10699 
35,95000 	-0,17792 	-1,87567 
36,00000 	0,05292 	-1,47747 
36,05000 	0,14570 	-0,87663 
36,10000 	0,37727 	-0,28327 
36,15000 	0,73469 	-0,01031 
36,20000 	0,63424 	-0,03153 
36,25000 	0,26128 	-0,22407 
36,30000 	-0,01298 	-0,57493 
36,35000 	-0,11862 	-1,12404 
36,40000 	-0,29232 	-1,75980 
36,45000 	-0,65407 	-2,11912 
36,50000 	-0,70308 	-2,15832 
36,55000 	-0,34516 	-2,00297 
36,60000 	-0,03620 	-1,69333 
36,65000 	0,10053 	-1,19582 
36,70000 	0,23362 	-0,54292 
36,75000 	0,57764 	-0,09817 
36,80000 	0,76831 	0,00892 
36,85000 	0,44840 	-0,10824 
36,90000 	0,10472 	-0,37689 
36,95000 	-0,07866 	-0,82104 
37,00000 	-0,17955 	-1,45714 
37,05000 	-0,46185 	-1,98270 
37,10000 	-0,75940 	-2,17090 
37,15000 	-0,53523 	-2,09914 
37,20000 	-0,17438 	-1,86860 
37,25000 	0,05273 	-1,47647 
37,30000 	0,14358 	-0,88381 
37,35000 	0,37303 	-0,28669 
37,40000 	0,74176 	-0,00821 
37,45000 	0,64697 	-0,02733 
37,50000 	0,27061 	-0,21743 
37,55000 	-0,00826 	-0,56501 
37,60000 	-0,11668 	-1,10948 
37,65000 	-0,28542 	-1,74793 
37,70000 	-0,64680 	-2,11469 
37,75000 	-0,70826 	-2,15931 
37,80000 	-0,35343 	-2,00725 
37,85000 	-0,04138 	-1,70129 
37,90000 	0,09849 	-1,20857 
37,95000 	0,22876 	-0,55573 
38,00000 	0,56972 	-0,10343 
38,05000 	0,77229 	0,00963 
38,10000 	0,45704 	-0,10410 
38,15000 	0,11149 	-0,36941 
38,20000 	-0,07688 	-0,80964 
38,25000 	-0,17559 	-1,44295 
38,30000 	-0,45378 	-1,97495 
38,35000 	-0,75887 	-2,17037 
38,40000 	-0,54382 	-2,10211 
38,45000 	-0,18118 	-1,87495 
38,50000 	0,05085 	-1,48141 
38,55000 	0,14335 	-0,88455 
38,60000 	0,37261 	-0,28699 
38,65000 	0,74223 	-0,00828 
38,70000 	0,65171 	-0,02570 
